1404522,432956,
851772,288078,288120,432509,
1308180,288139,1130554,
395335,432984,
427136,684081,
550318,1130523,
1660057,1132625,
243766,1305738,
299100,432954,
106944,432997,
726163,1130575,
573668,288072,
1579160,335969,
468797,684036,
1358993,1130624,
1217588,432499,432992,
1653855,327613,
1532503,432497,
1564350,684054,
530405,1130561,
1613496,1132625,
180451,1130609,
656141,328103,
488975,327681,
274880,432971,
1669239,432978,
529468,1130802,
243369,1306102,
1011907,432989,
94632,432938,
389368,1305732,
531946,1130567,
1268790,432473,
183749,1305162,
151546,432964,
460407,1132638,
230626,1305728,
1509094,432488,
861192,288140,
1681586,432475,
581591,288111,
337132,432941,
1622249,1130567,
961841,432942,
324339,1375244,1375245,
79033,288123,1130782,
403600,288088,
991486,1305156,
598457,1132621,
298927,288057,288090,
608181,432497,
483357,1132624,
186199,1305168,1305743,
1244161,327543,
403841,327700,
396388,288122,
922672,328082,
1414801,335968,
831096,432471,
272183,1132640,1132644,
529497,1130553,
828163,433000,
1292760,1130577,
165349,1305173,
267429,1306091,
252416,432982,
1060413,335968,
1267207,432962,
1144980,327617,432489,432996,
1247535,432505,
574493,1130614,
265415,432490,
384207,1130582,
255970,432494,1130568,
1281711,432965,
850302,432504,
531641,1130637,
478738,1130638,
329908,328038,
254147,1132630,
1342245,1305742,
465900,288127,432500,
1536475,432507,
484232,1130589,
1102252,432476,
110291,327550,
1526400,432945,
716396,432937,
92677,288102,1130776,
968028,684019,
1161412,288106,432482,
1265190,288061,
565502,1132622,
380330,1305159,1305733,1306077,1306086,1306092,
1395275,1130796,
328547,1375313,
782742,432982,
674228,1130545,1306101,
478847,1130557,
368490,1306083,
1261984,1130620,
379655,1306074,
464920,432962,
274768,288131,
1129451,327539,327675,862611,
153541,1130578,
825823,684039,
232465,288066,
360682,1130798,
483213,1132636,
1701242,669919,
370213,1305160,1305738,
516878,288130,432486,
485332,1130572,
235261,288056,
1195505,288059,
1649090,432973,
1088831,836053,
1316812,1130780,
1627793,432979,
1675475,1130588,
531627,1130584,
1367958,432935,
1318244,1130622,
178207,1375297,1375312,
82468,328057,328059,
1442189,1130590,
1269317,1132647,
250157,1306079,
1369375,1305156,
53381,432984,
97004,327777,
208359,1130528,
99312,432974,
668189,1132623,
1349006,1130768,
10905,432513,
823648,1130591,
1011508,432995,
1315066,1130801,
1325097,1132637,
484284,1130796,
398410,1305172,
1367268,1130525,
312676,432980,
1153439,432955,
349468,684058,
529570,1132623,
432812,288133,432495,432973,
862728,1130599,
498294,288105,432481,
589672,1130568,
989546,288067,
1400290,288091,
52211,328057,
184844,1305726,
878046,432491,
517859,288119,288142,
109914,432961,
1606226,1130563,
674765,1130797,
592051,432931,
529434,1132624,
1585096,327547,
835145,684020,
1476173,1130545,1306101,
1607912,1130573,
574036,335968,
97220,328098,
146097,1130611,
51689,327704,432949,
478751,1130574,
482420,1132629,
228591,1305158,
370253,1305170,1306080,
305489,288102,327590,421193,432490,432951,808499,
147425,432945,
580058,328031,
1459831,432986,
1242373,288123,1130782,
1117345,327773,
1300881,1130617,
1472700,1375334,
745025,288117,
906786,335973,432512,
305317,1132624,
361468,1305157,
532409,1130600,1130790,
260567,1130783,1305744,
336080,432983,432985,
1143758,288080,
1290376,1130802,
1493537,1132622,
486500,1132619,
149701,288113,
484273,1130578,
410297,1132644,
478844,1130791,
1470708,1130624,
358138,288137,
1176373,1130631,
783214,432945,
1077917,288109,
544337,327633,
857049,288127,432500,432959,
1358882,1130770,
1490411,1130536,
478781,1130542,
269884,1306075,
478803,1130767,
1362446,432987,
689873,1130621,
832794,1130558,
57703,432492,
250085,1305740,
773951,432498,
1488420,327736,
531072,1130627,
74468,288097,
1293814,327590,
1081868,432512,
25655,335968,
483351,1130552,
96924,288121,
1631669,327664,1130594,1130779,
532922,1130778,
878152,432967,
408379,1132648,
530356,1130532,
1098465,288054,
246908,1130624,
485955,1130524,
252718,432993,
587471,1130593,
962484,328085,328088,
1455731,432936,1306076,
80902,288104,327742,432480,
689032,1132630,
371896,1305164,1305165,
853723,288064,
1454840,1306070,
675584,1130607,
184841,1305159,
1032544,288141,
120799,432934,
547199,432946,
1648934,1305728,
10547,1130634,
1024573,327714,327753,
847823,684040,
501674,1130533,
530448,1130564,
263962,327697,
461489,288095,432510,
361469,1305730,
957474,432968,1130568,
847366,1130605,
1208539,1306097,
529565,1132626,
286415,1132641,1132644,
132025,288096,
632993,432505,
185827,1306071,
1240366,668769,
691768,1130792,
1088736,288077,
585622,288073,288085,288086,
161240,432932,
1121529,327684,
277099,1130545,
716315,288134,
486317,1132642,1132644,
677414,327692,
616194,335969,
456669,432947,
1167987,327648,335966,
314709,327997,328005,
553128,288083,
92282,335977,
863960,336083,
687114,432491,
830398,1130579,
530787,1130604,
530468,1130796,
371993,1305161,
1327843,1130571,
1430436,836017,
380566,328090,
266677,1306073,
370596,1305722,
1562034,327598,
169830,1306088,
283808,327777,
1482609,1375247,
590531,288123,1130782,
413493,1306096,
1045422,432977,
958583,684080,
267426,1305741,
741211,288137,
1549945,288058,327535,327579,327590,
1259505,288079,327680,
532969,1130628,
1640945,327711,
1594380,327700,
20055,336083,
531032,1130802,
257269,1305725,
402391,1306102,
707153,288094,432508,
1303595,1130564,
1484725,1375327,
1482727,1130550,
483144,1130576,
1613380,288081,
1419429,288116,
1358633,837724,
1279159,1130777,
448507,327604,
1484061,1130785,
1031888,432475,
662241,1130800,
186258,288128,
834215,328093,
485946,1132639,
1485556,1130595,
173519,1130536,
1187547,327997,
267363,1305165,
114525,432999,
759127,806073,806074,
305358,1132638,
532021,1132633,
337233,1130773,
1331208,432933,
715275,432941,
1318260,1132638,
1470548,288126,327900,
1403082,1375298,
10,288065,
828505,862611,
252946,327561,
1419730,1130555,
843534,421193,
1321880,327601,
745625,432983,
1341164,1130597,
713690,288098,288112,
320291,288141,
241348,1306103,
1177040,327714,
486349,1130551,
493109,288060,
81088,432494,
232489,1130633,
529994,1130764,
1371463,1132635,
1287741,432951,
1641261,288125,
218670,1132644,
335605,1132639,
850324,1130800,
1554136,327771,
1488028,335968,
1682359,432945,
927108,327700,
608524,432488,
1114403,335974,
458983,432470,
478774,1130529,
492173,288069,288130,432486,432991,
305355,1130533,
1495412,1130771,
1015425,1130596,
1486422,1375327,
1701374,669126,
1257160,335966,
165552,1130769,
239366,1132644,
381019,328090,1130795,
293381,1130772,
486405,1130781,
564757,1130543,
532909,1130595,
398927,1305741,
421878,432958,
288239,432981,
484318,1130787,
885944,1130538,1130609,
1519929,328090,
459019,288072,
820093,288115,
301725,288098,408736,
137603,1130560,
1317525,1132639,
1520499,288136,
1313604,1130615,
39712,1375334,
1260291,288113,
485921,1130548,
209331,669322,
190596,1130575,
635520,288107,432483,
1540303,288112,
118171,432966,1130540,1130786,
486375,1130570,
1459604,1130786,
1434926,1130549,
485099,1130792,
956685,328039,328085,1130789,
563767,432496,
1701229,668789,
1488402,432962,
961318,432998,
121799,1375398,
209330,668926,
1505185,1130576,
486472,288109,
183792,1305168,
1412471,1130526,
284734,288066,
483162,1130791,
1495418,1132630,
53320,1132645,
1280344,1132648,
250113,1305166,
301869,1130598,
528973,1130600,1130790,
300451,1375335,
1031495,288117,
378663,335968,
484811,1130587,1130618,
532577,1130551,1130787,
798856,288123,1130782,
792186,288132,
1402561,1375246,
207523,1130793,
229463,1306081,1306100,
281385,1130640,
185841,1306093,
399800,1130562,
1645988,328089,
529130,1130800,
1121847,328062,
524319,1305737,
956150,432943,
399497,1306098,
1402731,432978,
270943,1306078,
150403,1130622,
1056836,327550,
1146366,327704,432952,
313039,1130519,
617171,1130625,
592823,862612,
144571,432501,
484277,1130585,
1635474,327736,
271104,1305728,
182127,1132624,
1060722,1130592,
1369879,327733,
519794,1130787,
464439,1130593,
699663,840603,
361878,1305739,
101845,327853,
745866,1132638,
1604966,327777,
373603,432979,
36963,1375328,
273655,288089,
670738,684078,
1693724,1130629,
984712,288080,
73432,288122,
1440880,1132643,1132644,
149967,1130613,
478816,1130537,
545531,1305729,1306082,
380561,327570,328053,
383828,327768,432485,
529498,1132636,
609736,328035,
598304,432953,
531073,432972,
333656,288063,
332176,327903,
970550,432948,
993632,1375296,1375313,
1602702,327912,
1158200,1132647,
384312,432990,
1072102,288124,
1484060,1375333,
1019125,288141,
799015,288064,
737144,1130595,1130798,
379330,1305168,1305743,
531444,1130565,
281323,1132635,
1485515,1132643,1132644,
350016,288105,328090,432481,
360811,1306079,
610798,1130784,
1305695,432506,
406793,1130785,
384442,1305168,
47180,1132634,
63277,1305167,
36712,288087,
1484435,327922,
860568,327611,
1700892,432940,432960,669355,
1119625,684059,
171817,1305168,
1415058,288137,1132628,
973392,1130535,
587890,327700,
238522,1130536,
1599618,684198,
518990,328102,335978,
1642218,335975,432487,
519541,328042,
361134,432939,1130580,
1097809,1130775,
530373,1132619,
239936,1306070,
223650,327617,432950,
251079,1130802,
416174,1306099,
591690,327740,
1324740,1130601,1305163,
894137,288100,327679,
1280990,1130774,1305171,
831185,432971,
1395831,1130769,
690324,1132622,
241864,1130545,1306101,
1133983,288098,
723513,327704,
1631675,432476,
1382621,432478,
372511,1130527,
568189,432969,
1523651,1130626,
27021,1130765,
1508601,1130638,
793633,432929,
825009,1130564,
228457,432472,
305298,288110,
397555,432999,
1701218,669340,
909161,1130553,
484169,1130581,
1468232,1375294,1375295,
1483089,1375334,
786680,327655,
529986,1130587,1130618,
672410,840603,
1517217,288129,
289938,432493,
294337,432972,
83391,805916,805917,806069,806070,806071,806072,806075,806076,
910580,1130533,
758462,327623,
398448,1305731,
399446,1305724,
951433,1130566,
171819,1305157,
1400815,432986,
231692,288070,288114,432978,
1151199,288082,
592047,327647,
394887,432967,
1533091,432497,
345282,1132618,
1020175,432994,
1642870,288092,
995695,684026,
488341,328042,
701792,432987,
1155439,432990,
1524438,328090,
1423340,1130606,
282688,1130779,
1342337,1130586,
577289,288077,
1518691,1130530,
739355,432985,
78498,288140,
261735,335975,432487,
532421,1130575,
485924,1130592,
1424029,1132646,
362862,328100,335961,
663310,1130778,
1008575,1305736,
1289303,1130612,
1410383,327572,327672,327898,328033,335966,808498,
303785,432976,
1639577,684057,
190691,1130799,
553446,1130529,
1563980,288093,
1643196,288139,1130554,
1655046,327925,
955624,684056,
1393520,1130567,
484766,1130766,
1144486,669259,
770344,1130534,
264281,1130587,
674588,1375399,
388537,327757,1130546,
1346504,1130583,
370811,1306090,
670733,1305723,
1412510,1130610,
529571,1130794,
1381379,1305734,
1333106,1132648,
394608,335968,
796708,862611,
431655,327744,
279344,1130547,
260946,288075,
1584277,328051,328085,
486304,1130581,
1478890,1132644,
409109,684025,
166216,1130636,
401051,1305170,
1017180,1130590,
1353272,432473,
705426,1130781,
1401826,1375311,
384910,1305729,
1521364,288084,
375589,288118,
674851,1132627,
293752,327771,
757542,432979,
533005,1130641,
1090702,335977,
484715,1130788,
531472,1132619,
673753,683968,
324159,1130602,
1507317,432940,
1513120,432502,
1324817,432941,
219678,1130785,
245881,1130589,
278615,1130569,
410576,1130616,
1664911,288108,432484,
780681,327658,327708,
529937,1130539,
372405,288108,432484,862611,
287511,432972,
87778,327590,
427061,1130586,
222870,1130799,
572159,432942,
371860,1305723,
357717,288132,
238511,1130553,
592747,1132632,
185349,1306095,
43900,327667,
270984,1305741,
1142134,1306104,
166144,288071,
1275341,432931,
401605,1305735,
484208,1130608,
1108804,327567,
532599,1130788,
1496126,327851,
395605,1130788,
1269108,1132633,
481651,432968,
574104,684043,
225914,432963,
94587,288102,
610421,1130567,
1129192,432511,
1313008,1130602,
241344,1306085,
524738,288076,
239857,1305155,
253256,1306087,
529133,1130639,
563717,1130630,
1511849,327550,
1217664,327547,
118178,1132646,
159275,432971,
482448,1130638,
1354333,432932,
806152,432503,
277427,1132623,
24294,684060,
254811,1130553,
484316,1130556,
1370448,327733,
256254,1305166,
292373,1130601,1305163,
1626859,327604,
1540893,432944,
692992,1130544,1132620,
739410,328057,
1042205,432954,
256314,1305741,
1180958,288062,
879577,327736,
502846,432511,
1529399,684041,
1451886,328031,328093,
529508,1130531,
236229,432474,
164604,1130567,
1293054,1132631,
1538852,1130541,
631599,684021,
415158,1305169,
1394976,1132616,
229513,1306084,
819834,1132617,
233763,1130635,
132326,1130623,
97454,1130521,
1006070,335968,432475,432988,
187696,1305727,1306072,1306089,
304950,1375331,1375332,
483750,1130520,
145077,432957,
241292,1306070,
1312041,1130791,
227820,288074,
393972,288101,
368325,1306094,
1253373,288072,
1136540,1130522,
379301,1305162,
1585782,1130559,
667405,288106,432482,
519934,327903,
1695147,327736,
847707,432477,432990,
531963,1130629,1130632,
919271,288055,
458569,288138,
412533,1130590,
80659,1130602,
383545,1305743,1306069,
42610,1130603,
1528766,432469,
821608,432970,
531990,1130548,
1498263,432989,
1417978,288099,
81937,288104,432480,
13050,288135,
794029,433001,
181418,1130612,
831428,288107,328090,432483,
450052,288068,
212937,288118,
1683830,335963,
415179,1306083,
242334,1306090,
674219,288056,288103,327629,432479,432930,
485344,1130601,1305163,
1626060,1132622,
1302615,288074,
1679741,432939,1130580,
443992,327999,
780104,327619,
1341782,1130535,
485824,1130610,
808854,432514,
1098638,432983,
58687,432966,
1402091,1375334,
378760,327738,
181859,1130578,
1318732,1130543,
372281,1305161,
1528656,432928,
1360835,1130799,
193615,432975,
1095793,288055,1130619,
288054,1098465,6,
288055,919271,1095793,6,
288056,235261,674219,6,
288057,298927,6,
288058,1549945,6,
288059,1195505,6,
288060,493109,6,
288061,1265190,6,
288062,1180958,6,
288063,333656,6,
288064,853723,799015,6,
288065,10,6,
288066,284734,232465,6,
288067,989546,6,
288068,450052,6,
288069,492173,6,
288070,231692,6,
288071,166144,6,
288072,459019,573668,1253373,6,
288073,585622,6,
288074,1302615,227820,6,
288075,260946,6,
288076,524738,6,
288077,1088736,577289,6,
288078,851772,6,
288079,1259505,6,
288080,1143758,984712,6,
288081,1613380,6,
288082,1151199,6,
288083,553128,6,
288084,1521364,6,
288085,585622,6,
288086,585622,6,
288087,36712,6,
288088,403600,6,
288089,273655,6,
288090,298927,6,
288091,1400290,6,
288092,1642870,6,
288093,1563980,6,
288094,707153,6,
288095,461489,6,
288096,132025,6,
288097,74468,6,
288098,713690,1133983,301725,6,
288099,1417978,6,
288100,894137,6,
288101,393972,6,
288102,92677,94587,305489,6,
288103,674219,6,
288104,80902,81937,6,
288105,498294,350016,6,
288106,1161412,667405,6,
288107,831428,635520,6,
288108,372405,1664911,6,
288109,486472,1077917,6,
288110,305298,6,
288111,581591,6,
288112,713690,1540303,6,
288113,149701,1260291,6,
288114,231692,6,
288115,820093,6,
288116,1419429,6,
288117,745025,1031495,6,
288118,375589,212937,6,
288119,517859,6,
288120,851772,6,
288121,96924,6,
288122,73432,396388,6,
288123,798856,1242373,79033,590531,6,
288124,1072102,6,
288125,1641261,6,
288126,1470548,6,
288127,857049,465900,6,
288128,186258,6,
288129,1517217,6,
288130,516878,492173,6,
288131,274768,6,
288132,792186,357717,6,
288133,432812,6,
288134,716315,6,
288135,13050,6,
288136,1520499,6,
288137,358138,1415058,741211,6,
288138,458569,6,
288139,1643196,1308180,6,
288140,78498,861192,6,
288141,1032544,320291,1019125,6,
288142,517859,6,
327535,1549945,18,
327539,1129451,18,
327543,1244161,18,
327547,1217664,1585096,18,
327550,1056836,110291,1511849,18,
327561,252946,18,
327567,1108804,18,
327570,380561,18,
327572,1410383,18,
327579,1549945,18,
327582,18,
327590,1549945,305489,1293814,87778,18,
327598,1562034,18,
327601,1321880,18,
327604,1626859,448507,18,
327611,860568,18,
327613,1653855,18,
327617,223650,1144980,18,
327619,780104,18,
327623,758462,18,
327629,674219,18,
327633,544337,18,
327647,592047,18,
327648,1167987,18,
327655,786680,18,
327658,780681,18,
327664,1631669,18,
327667,43900,18,
327672,1410383,18,
327675,1129451,18,
327679,894137,18,
327680,1259505,18,
327681,488975,18,
327684,1121529,18,
327688,18,
327692,677414,18,
327697,263962,18,
327700,587890,927108,403841,1594380,18,
327704,1146366,51689,723513,18,
327708,780681,18,
327711,1640945,18,
327714,1024573,1177040,18,
327733,1370448,1369879,18,
327736,879577,1695147,1635474,1488420,18,
327738,378760,18,
327740,591690,18,
327742,80902,18,
327744,431655,18,
327753,1024573,18,
327757,388537,18,
327768,383828,18,
327771,1554136,293752,18,
327773,1117345,18,
327777,97004,283808,1604966,18,
327851,1496126,18,
327853,101845,18,
327898,1410383,18,
327900,1470548,18,
327903,519934,332176,18,
327912,1602702,18,
327922,1484435,18,
327925,1655046,18,
327997,1187547,314709,18,
327999,443992,18,
328005,314709,18,
328031,580058,1451886,18,
328033,1410383,18,
328035,609736,18,
328038,329908,18,
328039,956685,18,
328042,519541,488341,18,
328051,1584277,18,
328053,380561,18,
328057,52211,739410,82468,18,
328059,82468,18,
328062,1121847,18,
328082,922672,18,
328085,956685,1584277,962484,18,
328088,962484,18,
328089,1645988,18,
328090,1519929,380566,1524438,381019,831428,350016,18,
328093,834215,1451886,18,
328098,97220,18,
328100,362862,18,
328102,518990,18,
328103,656141,18,
335961,362862,18,
335963,1683830,18,
335966,1410383,1257160,1167987,18,
335968,394608,1414801,1060413,574036,25655,1488028,1006070,378663,18,
335969,1579160,616194,18,
335973,906786,18,
335974,1114403,18,
335975,261735,1642218,18,
335977,1090702,92282,18,
335978,518990,18,
336083,863960,20055,18,
408736,301725,82462,
421193,305489,843534,18,
432469,1528766,87156,
432470,458983,87156,
432471,831096,87156,
432472,228457,87156,
432473,1353272,1268790,87156,
432474,236229,87156,
432475,1681586,1006070,1031888,87156,
432476,1631675,1102252,87156,
432477,847707,87156,
432478,1382621,87156,
432479,674219,87156,
432480,80902,81937,87156,
432481,498294,350016,87156,
432482,1161412,667405,87156,
432483,831428,635520,87156,
432484,372405,1664911,87156,
432485,383828,87156,
432486,516878,492173,87156,
432487,261735,1642218,87156,
432488,1509094,608524,87156,
432489,1144980,87156,
432490,305489,265415,87156,
432491,687114,878046,87156,
432492,57703,87156,
432493,289938,87156,
432494,255970,81088,87156,
432495,432812,87156,
432496,563767,87156,
432497,1533091,1532503,608181,87156,
432498,773951,87156,
432499,1217588,87156,
432500,857049,465900,87156,
432501,144571,87156,
432502,1513120,87156,
432503,806152,87156,
432504,850302,87156,
432505,632993,1247535,87156,
432506,1305695,87156,
432507,1536475,87156,
432508,707153,87156,
432509,851772,87156,
432510,461489,87156,
432511,502846,1129192,87156,
432512,906786,1081868,87156,
432513,10905,87156,
432514,808854,87156,
432928,1528656,87163,
432929,793633,87163,
432930,674219,87163,
432931,592051,1275341,87163,
432932,1354333,161240,87163,
432933,1331208,87163,
432934,120799,87163,
432935,1367958,87163,
432936,1455731,87163,
432937,716396,87163,
432938,94632,87163,
432939,1679741,361134,87163,
432940,1507317,1700892,87163,
432941,715275,337132,1324817,87163,
432942,572159,961841,87163,
432943,956150,87163,
432944,1540893,87163,
432945,147425,783214,1526400,1682359,87163,
432946,547199,87163,
432947,456669,87163,
432948,970550,87163,
432949,51689,87163,
432950,223650,87163,
432951,1287741,305489,87163,
432952,1146366,87163,
432953,598304,87163,
432954,299100,1042205,87163,
432955,1153439,87163,
432956,1404522,87163,
432957,145077,87163,
432958,421878,87163,
432959,857049,87163,
432960,1700892,87163,
432961,109914,87163,
432962,1267207,464920,1488402,87163,
432963,225914,87163,
432964,151546,87163,
432965,1281711,87163,
432966,118171,58687,87163,
432967,878152,394887,87163,
432968,957474,481651,87163,
432969,568189,87163,
432970,821608,87163,
432971,831185,274880,159275,87163,
432972,294337,531073,287511,87163,
432973,432812,1649090,87163,
432974,99312,87163,
432975,193615,87163,
432976,303785,87163,
432977,1045422,87163,
432978,1402731,231692,1669239,87163,
432979,1627793,757542,373603,87163,
432980,312676,87163,
432981,288239,87163,
432982,252416,782742,87163,
432983,336080,1098638,745625,87163,
432984,395335,53381,87163,
432985,336080,739355,87163,
432986,1400815,1459831,87163,
432987,701792,1362446,87163,
432988,1006070,87163,
432989,1498263,1011907,87163,
432990,384312,847707,1155439,87163,
432991,492173,87163,
432992,1217588,87163,
432993,252718,87163,
432994,1020175,87163,
432995,1011508,87163,
432996,1144980,87163,
432997,106944,87163,
432998,961318,87163,
432999,114525,397555,87163,
433000,828163,87163,
433001,794029,87163,
668769,1240366,103752,
668789,1701229,103772,
668926,209330,103909,
669126,1701374,104104,
669259,1144486,104236,
669322,209331,104299,
669340,1701218,104317,
669355,1700892,104332,
669919,1701242,104884,
683968,673753,118150,
684019,968028,118201,
684020,835145,118202,
684021,631599,118203,
684025,409109,118207,
684026,995695,118208,
684036,468797,118218,
684039,825823,118221,
684040,847823,118222,
684041,1529399,118223,
684043,574104,118225,
684054,1564350,118236,
684056,955624,118238,
684057,1639577,118239,
684058,349468,118240,
684059,1119625,118241,
684060,24294,118242,
684078,670738,118260,
684080,958583,118262,
684081,427136,118263,
684198,1599618,118380,
805916,83391,162332,
805917,83391,162332,
806069,83391,162332,
806070,83391,162332,
806071,83391,162332,
806072,83391,162332,
806073,759127,162332,
806074,759127,162332,
806075,83391,162332,
806076,83391,162332,
808498,1410383,18,
808499,305489,18,
836017,1430436,165365,
836053,1088831,165399,
837724,1358633,165546,
840602,165637,
840603,699663,672410,165638,
862611,372405,1129451,796708,828505,18,
862612,592823,18,
1130519,313039,200664,
1130520,483750,200664,
1130521,97454,200664,
1130522,1136540,200664,
1130523,550318,200664,
1130524,485955,200664,
1130525,1367268,200664,
1130526,1412471,200664,
1130527,372511,200664,
1130528,208359,200664,
1130529,553446,478774,200664,
1130530,1518691,200664,
1130531,529508,200664,
1130532,530356,200664,
1130533,910580,305355,501674,200664,
1130534,770344,200664,
1130535,973392,1341782,200664,
1130536,1490411,173519,238522,200664,
1130537,478816,200664,
1130538,885944,200664,
1130539,529937,200664,
1130540,118171,200664,
1130541,1538852,200664,
1130542,478781,200664,
1130543,1318732,564757,200664,
1130544,692992,200664,
1130545,674228,1476173,241864,277099,200664,
1130546,388537,200664,
1130547,279344,200664,
1130548,485921,531990,200664,
1130549,1434926,200664,
1130550,1482727,200664,
1130551,532577,486349,200664,
1130552,483351,200664,
1130553,909161,238511,254811,529497,200664,
1130554,1643196,1308180,200664,
1130555,1419730,200664,
1130556,484316,200664,
1130557,478847,200664,
1130558,832794,200664,
1130559,1585782,200664,
1130560,137603,200664,
1130561,530405,200664,
1130562,399800,200664,
1130563,1606226,200664,
1130564,825009,530448,1303595,200664,
1130565,531444,200664,
1130566,951433,200664,
1130567,1622249,531946,164604,610421,1393520,200664,
1130568,255970,957474,589672,200664,
1130569,278615,200664,
1130570,486375,200664,
1130571,1327843,200664,
1130572,485332,200664,
1130573,1607912,200665,
1130574,478751,200665,
1130575,726163,190596,532421,200665,
1130576,483144,1505185,200665,
1130577,1292760,200665,
1130578,484273,181859,153541,200665,
1130579,830398,200665,
1130580,1679741,361134,200665,
1130581,486304,484169,200665,
1130582,384207,200665,
1130583,1346504,200665,
1130584,531627,200665,
1130585,484277,200665,
1130586,1342337,427061,200665,
1130587,264281,484811,529986,200665,
1130588,1675475,200665,
1130589,245881,484232,200665,
1130590,1017180,412533,1442189,200665,
1130591,823648,200665,
1130592,1060722,485924,200665,
1130593,464439,587471,200665,
1130594,1631669,200665,
1130595,1485556,737144,532909,200665,
1130596,1015425,200665,
1130597,1341164,200665,
1130598,301869,200665,
1130599,862728,200665,
1130600,528973,532409,200665,
1130601,1324740,292373,485344,200665,
1130602,324159,1313008,80659,200665,
1130603,42610,200665,
1130604,530787,200665,
1130605,847366,200665,
1130606,1423340,200665,
1130607,675584,200665,
1130608,484208,200665,
1130609,180451,885944,200665,
1130610,1412510,485824,200665,
1130611,146097,200665,
1130612,181418,1289303,200665,
1130613,149967,200665,
1130614,574493,200665,
1130615,1313604,200665,
1130616,410576,200665,
1130617,1300881,200665,
1130618,529986,484811,200665,
1130619,1095793,200665,
1130620,1261984,200665,
1130621,689873,200665,
1130622,150403,1318244,200665,
1130623,132326,200665,
1130624,246908,1358993,1470708,200665,
1130625,617171,200665,
1130626,1523651,200665,
1130627,531072,200665,
1130628,532969,200665,
1130629,1693724,531963,200665,
1130630,563717,200665,
1130631,1176373,200665,
1130632,531963,200665,
1130633,232489,200665,
1130634,10547,200665,
1130635,233763,200665,
1130636,166216,200665,
1130637,531641,200665,
1130638,1508601,478738,482448,200665,
1130639,529133,200665,
1130640,281385,200665,
1130641,533005,200665,
1130764,529994,200680,
1130765,27021,200680,
1130766,484766,200680,
1130767,478803,200680,
1130768,1349006,200680,
1130769,1395831,165552,200680,
1130770,1358882,200680,
1130771,1495412,200680,
1130772,293381,200680,
1130773,337233,200680,
1130774,1280990,200680,
1130775,1097809,200680,
1130776,92677,200680,
1130777,1279159,200680,
1130778,663310,532922,200680,
1130779,282688,1631669,200680,
1130780,1316812,200680,
1130781,705426,486405,200680,
1130782,798856,79033,1242373,590531,200680,
1130783,260567,200680,
1130784,610798,200680,
1130785,219678,1484061,406793,200680,
1130786,1459604,118171,200680,
1130787,532577,484318,519794,200680,
1130788,484715,395605,532599,200680,
1130789,956685,200680,
1130790,528973,532409,200680,
1130791,483162,1312041,478844,200680,
1130792,691768,485099,200680,
1130793,207523,200680,
1130794,529571,200680,
1130795,381019,200680,
1130796,1395275,530468,484284,200680,
1130797,674765,200680,
1130798,360682,737144,200680,
1130799,222870,190691,1360835,200680,
1130800,850324,662241,529130,200680,
1130801,1315066,200680,
1130802,529468,1290376,531032,251079,200680,
1132616,1394976,200717,
1132617,819834,200717,
1132618,345282,200717,
1132619,486500,530373,531472,200717,
1132620,692992,200717,
1132621,598457,200717,
1132622,1493537,565502,1626060,690324,200717,
1132623,277427,529570,668189,200717,
1132624,483357,182127,529434,305317,200717,
1132625,1660057,1613496,200717,
1132626,529565,200717,
1132627,674851,200717,
1132628,1415058,200717,
1132629,482420,200717,
1132630,254147,1495418,689032,200717,
1132631,1293054,200717,
1132632,592747,200717,
1132633,1269108,532021,200717,
1132634,47180,200717,
1132635,1371463,281323,200717,
1132636,529498,483213,200717,
1132637,1325097,200717,
1132638,1318260,305358,745866,460407,200717,
1132639,485946,1317525,335605,200717,
1132640,272183,200717,
1132641,286415,200717,
1132642,486317,200717,
1132643,1440880,1485515,200717,
1132644,1440880,486317,1485515,272183,218670,286415,239366,410297,1478890,200717,
1132645,53320,200717,
1132646,118178,1424029,200717,
1132647,1158200,1269317,200717,
1132648,1333106,408379,1280344,200717,
1305155,239857,161,
1305156,991486,1369375,161,
1305157,361468,171819,161,
1305158,228591,161,
1305159,380330,184841,161,
1305160,370213,161,
1305161,371993,372281,161,
1305162,379301,183749,161,
1305163,1324740,292373,485344,161,
1305164,371896,161,
1305165,371896,267363,161,
1305166,250113,256254,161,
1305167,63277,161,
1305168,186199,384442,379330,171817,183792,161,
1305169,415158,161,
1305170,370253,401051,161,
1305171,1280990,161,
1305172,398410,161,
1305173,165349,161,
1305722,370596,161,
1305723,670733,371860,161,
1305724,399446,161,
1305725,257269,161,
1305726,184844,161,
1305727,187696,161,
1305728,230626,271104,1648934,161,
1305729,545531,384910,161,
1305730,361469,161,
1305731,398448,161,
1305732,389368,161,
1305733,380330,161,
1305734,1381379,161,
1305735,401605,161,
1305736,1008575,161,
1305737,524319,161,
1305738,370213,243766,161,
1305739,361878,161,
1305740,250085,161,
1305741,256314,398927,267426,270984,161,
1305742,1342245,161,
1305743,383545,186199,379330,161,
1305744,260567,161,
1306069,383545,161,
1306070,1454840,239936,241292,161,
1306071,185827,161,
1306072,187696,161,
1306073,266677,161,
1306074,379655,161,
1306075,269884,161,
1306076,1455731,161,
1306077,380330,161,
1306078,270943,161,
1306079,250157,360811,161,
1306080,370253,161,
1306081,229463,161,
1306082,545531,161,
1306083,368490,415179,161,
1306084,229513,161,
1306085,241344,161,
1306086,380330,161,
1306087,253256,161,
1306088,169830,161,
1306089,187696,161,
1306090,370811,242334,161,
1306091,267429,161,
1306092,380330,161,
1306093,185841,161,
1306094,368325,161,
1306095,185349,161,
1306096,413493,161,
1306097,1208539,161,
1306098,399497,161,
1306099,416174,161,
1306100,229463,161,
1306101,1476173,674228,241864,161,
1306102,243369,402391,161,
1306103,241348,161,
1306104,1142134,161,
1375244,324339,236,
1375245,324339,236,
1375246,1402561,236,
1375247,1482609,236,
1375248,236,
1375294,1468232,236,
1375295,1468232,236,
1375296,993632,236,
1375297,178207,236,
1375298,1403082,236,
1375311,1401826,236,
1375312,178207,236,
1375313,993632,328547,236,
1375327,1484725,1486422,236,
1375328,36963,236,
1375329,236,
1375330,236,
1375331,304950,236,
1375332,304950,236,
1375333,1484060,236,
1375334,39712,1472700,1483089,1402091,236,
1375335,300451,236,
1375398,121799,236,
1375399,674588,236,
1375400,236,
165638,840603,
200665,1130573,1130574,1130575,1130576,1130577,1130578,1130579,1130580,1130581,1130582,1130583,1130584,1130585,1130586,1130587,1130588,1130589,1130590,1130591,1130592,1130593,1130594,1130595,1130596,1130597,1130598,1130599,1130600,1130601,1130602,1130603,1130604,1130605,1130606,1130607,1130608,1130609,1130610,1130611,1130612,1130613,1130614,1130615,1130616,1130617,1130618,1130619,1130620,1130621,1130622,1130623,1130624,1130625,1130626,1130627,1130628,1130629,1130630,1130631,1130632,1130633,1130634,1130635,1130636,1130637,1130638,1130639,1130640,1130641,
103909,668926,
118202,684020,
162332,805916,805917,806069,806070,806071,806072,806073,806074,806075,806076,
118222,684040,
165399,836053,
118260,684078,
104104,669126,
161,1305155,1305156,1305157,1305158,1305159,1305160,1305161,1305162,1305163,1305164,1305165,1305166,1305167,1305168,1305169,1305170,1305171,1305172,1305173,1305722,1305723,1305724,1305725,1305726,1305727,1305728,1305729,1305730,1305731,1305732,1305733,1305734,1305735,1305736,1305737,1305738,1305739,1305740,1305741,1305742,1305743,1305744,1306069,1306070,1306071,1306072,1306073,1306074,1306075,1306076,1306077,1306078,1306079,1306080,1306081,1306082,1306083,1306084,1306085,1306086,1306087,1306088,1306089,1306090,1306091,1306092,1306093,1306094,1306095,1306096,1306097,1306098,1306099,1306100,1306101,1306102,1306103,1306104,
165365,836017,
118262,684080,
118218,684036,
6,288054,288055,288056,288057,288058,288059,288060,288061,288062,288063,288064,288065,288066,288067,288068,288069,288070,288071,288072,288073,288074,288075,288076,288077,288078,288079,288080,288081,288082,288083,288084,288085,288086,288087,288088,288089,288090,288091,288092,288093,288094,288095,288096,288097,288098,288099,288100,288101,288102,288103,288104,288105,288106,288107,288108,288109,288110,288111,288112,288113,288114,288115,288116,288117,288118,288119,288120,288121,288122,288123,288124,288125,288126,288127,288128,288129,288130,288131,288132,288133,288134,288135,288136,288137,288138,288139,288140,288141,288142,
165637,840602,
18,327535,327539,327543,327547,327550,327561,327567,327570,327572,327579,327582,327590,327598,327601,327604,327611,327613,327617,327619,327623,327629,327633,327647,327648,327655,327658,327664,327667,327672,327675,327679,327680,327681,327684,327688,327692,327697,327700,327704,327708,327711,327714,327733,327736,327738,327740,327742,327744,327753,327757,327768,327771,327773,327777,327851,327853,327898,327900,327903,327912,327922,327925,327997,327999,328005,328031,328033,328035,328038,328039,328042,328051,328053,328057,328059,328062,328082,328085,328088,328089,328090,328093,328098,328100,328102,328103,335961,335963,335966,335968,335969,335973,335974,335975,335977,335978,336083,421193,808498,808499,862611,862612,
118221,684039,
118207,684025,
87156,432469,432470,432471,432472,432473,432474,432475,432476,432477,432478,432479,432480,432481,432482,432483,432484,432485,432486,432487,432488,432489,432490,432491,432492,432493,432494,432495,432496,432497,432498,432499,432500,432501,432502,432503,432504,432505,432506,432507,432508,432509,432510,432511,432512,432513,432514,
236,1375244,1375245,1375246,1375247,1375248,1375294,1375295,1375296,1375297,1375298,1375311,1375312,1375313,1375327,1375328,1375329,1375330,1375331,1375332,1375333,1375334,1375335,1375398,1375399,1375400,
104317,669340,
118203,684021,
104236,669259,
118223,684041,
87163,432928,432929,432930,432931,432932,432933,432934,432935,432936,432937,432938,432939,432940,432941,432942,432943,432944,432945,432946,432947,432948,432949,432950,432951,432952,432953,432954,432955,432956,432957,432958,432959,432960,432961,432962,432963,432964,432965,432966,432967,432968,432969,432970,432971,432972,432973,432974,432975,432976,432977,432978,432979,432980,432981,432982,432983,432984,432985,432986,432987,432988,432989,432990,432991,432992,432993,432994,432995,432996,432997,432998,432999,433000,433001,
118236,684054,
118380,684198,
104884,669919,
103752,668769,
118241,684059,
104299,669322,
118150,683968,
118238,684056,
118242,684060,
104332,669355,
118201,684019,
118263,684081,
200680,1130764,1130765,1130766,1130767,1130768,1130769,1130770,1130771,1130772,1130773,1130774,1130775,1130776,1130777,1130778,1130779,1130780,1130781,1130782,1130783,1130784,1130785,1130786,1130787,1130788,1130789,1130790,1130791,1130792,1130793,1130794,1130795,1130796,1130797,1130798,1130799,1130800,1130801,1130802,
82462,408736,
103772,668789,
118208,684026,
165546,837724,
118240,684058,
200717,1132616,1132617,1132618,1132619,1132620,1132621,1132622,1132623,1132624,1132625,1132626,1132627,1132628,1132629,1132630,1132631,1132632,1132633,1132634,1132635,1132636,1132637,1132638,1132639,1132640,1132641,1132642,1132643,1132644,1132645,1132646,1132647,1132648,
200664,1130519,1130520,1130521,1130522,1130523,1130524,1130525,1130526,1130527,1130528,1130529,1130530,1130531,1130532,1130533,1130534,1130535,1130536,1130537,1130538,1130539,1130540,1130541,1130542,1130543,1130544,1130545,1130546,1130547,1130548,1130549,1130550,1130551,1130552,1130553,1130554,1130555,1130556,1130557,1130558,1130559,1130560,1130561,1130562,1130563,1130564,1130565,1130566,1130567,1130568,1130569,1130570,1130571,1130572,
118225,684043,
118239,684057,
