16296,4239,3061,6631,
16350,14032,6833,7810,7443,1972,17971,31127,19584,27931,
16449,3513,6335,15671,
16450,3712,17984,28611,7349,
16458,32188,5012,8813,14479,
16475,13536,3888,10582,3999,
16483,9424,5984,1896,3529,14491,7949,11896,
16487,7912,33963,28415,3189,8783,
16568,801,6530,4795,3214,
16771,21520,8530,15459,20229,16969,14682,19533,15007,
16945,10081,16051,27931,23365,23847,8696,10329,3907,475,13950,
16969,17971,16771,20084,33963,10662,20229,5321,30139,6941,15007,
17113,5506,3880,314,33963,12876,20298,12623,
17199,8036,24062,407,6106,5532,381,31806,10365,
17384,11897,
17399,12784,957,17399,
17420,10672,11055,11299,2243,1371,12063,13743,
17457,723,17958,8470,263,24040,8430,
17500,5560,2298,31676,
17695,14321,3202,1413,
17731,1632,7601,9106,14272,874,26346,
17764,6933,
17837,15097,
17958,17457,8470,2055,
17971,7810,27931,10662,7975,16969,33963,10540,11155,11257,30139,2748,6685,16350,
17984,28513,16450,20102,15719,4009,20364,11152,562,20084,7349,8380,22749,28415,
18023,10305,6322,16035,18133,10278,19425,1819,715,28779,14,15995,
18048,20268,11230,3759,
18133,28779,10278,18023,
18135,5112,28611,15950,
18316,14930,31127,
18429,6082,31310,10770,8910,
18581,13426,16245,23898,1051,11485,25981,
18583,8815,6786,7819,8804,11343,
18617,18617,9390,13318,4965,
18691,1336,2668,6715,4484,3063,
18823,3049,2170,26395,14121,
19255,7009,1380,15973,29270,10151,
19384,5026,21183,
19420,15517,
19425,6016,881,8179,526,1078,18023,12745,14716,6099,14,
19512,11617,11308,15934,13086,
19514,6280,14644,
19533,16771,15459,548,8627,8719,
19584,16350,1972,2358,5646,
19673,5218,14323,4978,8466,3179,66,29934,
19823,4704,33286,462,
19842,75,11836,
19887,14334,15510,9166,2565,
19986,10166,
20084,9248,11152,9170,16969,5321,17984,8969,
20102,17984,22512,15719,207,1391,
20199,3153,10990,
20229,14210,11371,1364,14203,22774,14367,16969,555,7420,16771,15007,
20268,18048,11230,
20298,10019,14118,17113,31676,20364,14846,12623,
20328,9409,11884,29,8007,
20364,17984,5890,9859,14118,24,4009,20298,27931,
20410,8513,22387,10996,13589,5969,664,
20425,1985,11642,31668,6794,10677,
20562,2552,13436,2130,5284,
20690,265,13764,
20931,11600,6688,32330,9294,1838,
21069,5467,1292,14557,21069,
21074,5685,
21101,12864,3176,1876,12342,2832,
21157,5359,
21183,19384,15609,5026,5701,
21197,681,997,
21489,2010,9091,30812,1407,
21513,15936,3321,14642,15909,
21520,6216,8530,16771,9141,12599,
21795,10195,11861,
21868,8664,3338,511,
21918,15259,
22130,15440,
22277,8144,5995,2287,
22387,8513,20410,7796,31431,
22455,13781,
22512,3148,1409,7788,20102,207,
22539,1185,
22591,8273,13383,
22639,9791,2731,12228,12828,7791,
22749,17984,28513,562,28508,12797,6828,10274,11154,5053,
22774,1364,1573,4377,6312,16121,15291,14957,20229,
22783,12389,
22943,4697,32923,24062,12702,4207,
23086,5352,15777,11506,12108,3642,
23170,7054,743,
23222,8598,10375,
23267,7536,12088,1163,15365,
23353,9799,
23365,3907,12997,33286,24040,2474,8782,7439,16945,6962,8724,13334,2218,15801,2810,10634,
23546,7224,15452,
23560,4890,2268,12677,11958,
23580,5056,14532,14981,5030,14538,7181,26397,527,12816,13074,5557,12567,1752,12155,8061,8414,10389,
23643,5844,9295,
23650,8056,7744,3522,
23692,739,33479,5368,8617,2732,15374,
23847,10081,14725,16945,
23898,8002,12916,16245,1273,11196,18581,
23962,12755,
24040,10673,2577,17457,263,2377,2474,23365,
24062,5759,22943,10667,10365,12702,17199,
24085,13584,185,5435,14895,6311,
24107,13617,15954,694,28508,9369,9692,7581,
24265,11408,8482,12682,7534,8631,
24318,7987,14230,7238,
24689,2849,4562,3559,31218,15143,33188,15163,6050,14673,
25012,5408,32178,7813,15080,14191,2581,9269,3678,10981,
25057,3407,11443,12581,10231,27465,14043,12927,
25151,4880,31668,5366,
25425,3348,32089,13705,2666,367,31820,14762,13775,
25529,7321,14179,8809,
25981,13426,9236,15698,18581,
26103,99,16091,
26110,15707,8764,10567,
26168,7460,3692,1005,
26332,27585,14874,
26346,14272,5834,17731,834,
26395,2022,8023,3049,18823,2510,4335,
26397,23580,4168,14300,12155,15052,14030,3007,
26398,9164,3606,5670,
26473,12746,8035,15956,
27236,4768,9706,6970,6429,4383,
27465,15880,25057,13634,10231,
27507,9330,631,27754,8619,3884,10653,4670,
27528,11112,27754,11259,31806,
27585,14874,26332,
27586,14848,15308,5878,15478,
27754,11112,27528,27507,4840,14700,10653,
27815,10290,15333,7018,1545,9098,15739,10621,
27825,12819,2627,4565,8630,15223,29976,13657,9318,
27931,5890,17971,20364,7810,9649,16051,16945,31127,14360,122,2232,16350,
27935,10440,10255,12396,3375,
28415,17984,8380,3189,16487,
28508,5217,10274,2327,904,24107,7581,22749,
28513,17984,22749,562,1746,11079,
28611,3712,12866,6852,18135,12505,16450,15950,
28722,6976,34021,9986,11939,8517,7515,15054,2079,
28779,10278,1174,18023,1144,14571,18133,
28850,6592,14241,12347,11596,13,
29270,19255,15973,8487,
29305,14632,2082,1157,12781,2007,
29819,1124,3558,5542,9466,29819,974,13285,
29934,32656,14385,5218,19673,9645,4478,
29976,3873,2868,11941,27825,29976,12388,30714,4565,
30139,16969,17971,33963,10662,8647,
30639,15879,14755,1151,
30714,29976,3873,9387,5172,1630,
30812,15377,15347,340,21489,4952,89,9091,7071,
31127,15682,6833,18316,9100,3376,9649,14930,4213,7511,2360,27931,8830,16350,
31148,3424,168,966,
31218,24689,10085,15143,
31310,6144,10770,6242,18429,
31431,7796,10035,5460,22387,5830,
31668,13058,5366,5734,20425,5835,25151,14418,10677,
31676,3904,5601,15554,10019,11172,31676,20298,16174,3248,2298,13947,17500,12958,
31806,17199,5651,27528,3322,11259,6106,11519,
31820,8292,10452,25425,13775,
31870,33286,12015,
32007,9176,15860,11365,
32089,25425,2666,
32178,14208,25012,218,9291,2796,3678,
32188,11242,16458,5012,5509,7038,
32266,5642,9383,4102,15815,
32330,20931,11700,1838,9270,13406,4175,
32380,4752,15393,2725,6161,12057,2811,12365,
32656,14385,3123,13765,454,13627,29934,
32923,4697,22943,
33064,10546,2756,565,
33188,5633,6562,15163,13941,24689,2697,5195,
33286,1952,4704,10402,12739,23365,13334,19823,31870,4782,12015,
33365,4966,7495,
33455,9264,12800,8596,12902,3254,2951,7353,11183,3471,
33479,23692,15374,14206,13735,
33541,4248,3145,11683,1261,
33589,12693,15029,
33614,12490,14714,5623,
33963,17971,17113,10662,4838,16487,14009,314,13798,16969,30139,8783,
34021,6976,1552,28722,14460,12582,
13,6592,14241,28850,12347,11596,
14,6016,19425,16035,10278,10305,14716,18023,526,881,6322,8179,1078,12745,1819,15995,6099,715,
24,4009,5890,9859,20364,14118,
29,20328,9409,11884,8007,
66,5218,14323,19673,8466,3179,4978,
75,19842,11836,
89,15377,15347,340,9091,4952,30812,7071,
99,16091,26103,
122,9649,5890,16051,14360,2232,27931,7810,
168,3424,31148,966,
185,13584,14895,5435,24085,6311,
207,22512,1409,20102,15719,3148,7788,1391,
218,14208,32178,9291,2796,3678,
263,10673,17457,723,8470,2577,24040,2377,2474,8430,
265,20690,13764,
314,5506,4838,10662,14009,3880,17113,8783,33963,12876,13798,12623,
340,15377,15347,9091,4952,89,30812,7071,
367,25425,3348,13705,2666,14762,13775,
381,8036,407,6106,5532,10365,17199,
407,8036,6106,17199,5532,381,10365,
454,32656,14385,13627,13765,3123,
462,4704,19823,
475,16945,16051,10081,8696,10329,3907,13950,
511,8664,3338,21868,
526,6016,19425,8179,1078,881,12745,14716,6099,14,
527,5056,14532,14981,5030,14538,7181,12816,13074,5557,12567,1752,12155,23580,8061,8414,10389,
548,8627,15459,19533,8719,
555,14210,11371,1364,20229,14367,14203,7420,15007,
562,17984,28513,10274,15719,4009,11079,6828,1746,5053,11152,11154,7349,12797,8380,22749,
565,33064,10546,2756,
631,9330,27507,8619,3884,10653,4670,
664,8513,20410,10996,13589,5969,
681,21197,997,
694,13617,15954,9369,24107,9692,7581,
715,10305,6322,16035,10278,18023,1819,15995,14,
723,17457,8470,8430,263,
739,5368,8617,2732,23692,15374,
743,23170,7054,
801,16568,6530,4795,3214,
834,14272,26346,5834,
874,1632,7601,9106,17731,14272,
881,6016,19425,8179,526,1078,12745,14716,6099,14,
904,5217,10274,28508,7581,2327,
957,12784,17399,
966,3424,168,31148,
974,1124,3558,5542,9466,29819,13285,
997,681,21197,
1005,26168,7460,3692,
1051,13426,16245,18581,11485,
1078,6016,19425,8179,526,881,12745,14716,6099,14,
1124,3558,5542,9466,29819,974,13285,
1144,28779,1174,10278,14571,
1151,15879,14755,30639,
1157,14632,29305,2082,12781,2007,
1163,7536,12088,23267,15365,
1174,1144,28779,10278,14571,
1185,22539,
1261,4248,3145,11683,33541,
1273,12916,23898,11196,8002,16245,
1292,5467,21069,14557,
1336,2668,6715,18691,4484,3063,
1364,14210,555,20229,6312,15007,11371,1573,14957,15291,22774,4377,16121,14203,7420,14367,
1371,10672,11055,11299,2243,12063,17420,13743,
1380,7009,10151,15973,19255,
1391,207,20102,15719,
1407,21489,2010,9091,
1409,22512,3148,7788,207,
1413,14321,3202,17695,
1545,10290,15333,27815,7018,9098,15739,10621,
1552,6976,14460,34021,12582,
1573,1364,22774,4377,6312,16121,15291,14957,
1630,3873,30714,9387,5172,
1632,14272,7601,9106,17731,874,
1746,28513,562,11079,
1752,5056,14532,14981,5030,14538,7181,527,12816,13074,5557,12567,12155,23580,8061,8414,10389,
1819,10305,6322,16035,10278,18023,715,14,15995,
1838,11600,6688,20931,11700,13406,9270,32330,9294,4175,
1876,12864,3176,21101,12342,2832,
1896,9424,5984,16483,11896,3529,14491,7949,
1952,4704,10402,12739,13334,33286,4782,12015,
1972,19584,6833,7810,7443,5646,2358,14032,16350,
1985,20425,11642,6794,10677,
2007,14632,29305,2082,12781,1157,
2010,21489,9091,1407,
2022,3049,8023,26395,2510,4335,
2055,8470,17958,
2079,6976,28722,11939,8517,7515,9986,15054,
2082,14632,29305,1157,12781,2007,
2130,2552,13436,20562,5284,
2170,3049,14121,18823,
2218,3907,23365,10634,8782,7439,6962,8724,13334,15801,2810,2474,12997,
2232,9649,5890,16051,14360,122,27931,7810,
2243,10672,11055,11299,1371,17420,12063,13743,
2268,23560,4890,12677,11958,
2287,8144,5995,22277,
2298,3904,5601,15554,10019,11172,31676,16174,3248,5560,13947,17500,12958,
2327,904,5217,10274,28508,7581,
2358,19584,1972,5646,
2360,3376,9649,15682,4213,31127,6833,7511,9100,14930,8830,
2377,24040,2577,2474,263,10673,
2474,3907,23365,10673,24040,2377,10634,263,8782,7439,2577,6962,8724,13334,15801,2810,2218,12997,
2510,3049,8023,26395,2022,4335,
2552,13436,20562,5284,2130,
2565,14334,15510,9166,19887,
2577,24040,2377,2474,263,10673,
2581,5408,15080,25012,10981,7813,14191,3678,9269,
2627,27825,12819,4565,8630,15223,13657,9318,
2666,25425,3348,32089,13705,14762,13775,367,
2668,1336,6715,18691,4484,3063,
2697,5633,6562,15163,33188,13941,5195,
2725,4752,6161,15393,12057,2811,32380,12365,
2731,9791,7791,12228,12828,22639,
2732,5368,8617,739,23692,15374,
2748,7810,17971,10662,7975,11257,11155,6685,10540,
2756,33064,10546,565,
2796,14208,32178,9291,218,3678,
2810,3907,23365,10634,8782,7439,6962,8724,13334,2218,15801,2474,12997,
2811,4752,15393,2725,6161,12057,32380,12365,
2832,12864,3176,1876,21101,12342,
2849,24689,4562,3559,15143,15163,6050,14673,
2868,29976,3873,12388,11941,4565,
2951,9264,12800,8596,11183,3254,7353,33455,12902,3471,
3007,4168,14300,12155,15052,26397,14030,
3049,8023,2022,18823,14121,2170,26395,2510,4335,
3061,16296,4239,6631,
3063,2668,6715,18691,4484,1336,
3123,32656,14385,13627,13765,454,
3145,4248,11683,33541,1261,
3148,22512,1409,7788,207,
3153,10990,20199,
3176,12864,2832,1876,21101,12342,
3179,5218,14323,4978,19673,8466,66,
3189,7912,8783,28415,8380,16487,
3202,14321,1413,17695,
3214,16568,801,6530,4795,
3248,3904,5601,15554,10019,11172,16174,2298,13947,31676,12958,
3254,9264,12800,8596,11183,12902,2951,7353,33455,3471,
3321,15936,21513,14642,15909,
3322,5651,6106,11259,31806,11519,
3338,8664,21868,511,
3348,25425,13705,2666,367,14762,13775,
3375,10440,10255,12396,27935,
3376,9649,15682,4213,31127,2360,6833,7511,9100,14930,8830,
3407,25057,11443,12581,10231,14043,12927,
3424,168,31148,966,
3471,9264,12800,8596,12902,3254,2951,7353,11183,33455,
3513,16449,6335,15671,
3522,8056,7744,23650,
3529,9424,5984,16483,1896,11896,14491,7949,
3558,1124,13285,5542,9466,29819,974,
3559,24689,4562,15143,14673,15163,2849,6050,
3606,9164,5670,26398,
3642,5352,15777,11506,12108,23086,
3678,5408,14208,10981,15080,9291,2796,14191,32178,25012,2581,218,9269,7813,
3692,26168,7460,1005,
3712,16450,28611,6852,7349,12505,12866,15950,
3759,18048,11230,
3873,5172,2868,11941,29976,12388,30714,9387,1630,4565,
3880,17113,314,12876,5506,12623,
3884,9330,27507,631,8619,10653,4670,
3888,13536,16475,10582,3999,
3904,3248,5601,15554,10019,11172,16174,2298,13947,31676,12958,
3907,10081,23365,10634,2218,8782,7439,16945,6962,16051,8724,13334,15801,8696,10329,2810,475,2474,13950,12997,
3999,13536,3888,16475,10582,
4009,17984,11152,562,9859,7349,14118,15719,24,8380,20364,5890,
4102,32266,9383,5642,15815,
4168,14300,12155,15052,26397,14030,3007,
4175,32330,9270,11700,13406,1838,
4207,4697,12702,22943,
4213,3376,9649,15682,31127,2360,6833,7511,9100,14930,8830,
4239,16296,3061,6631,
4248,3145,11683,33541,1261,
4335,3049,26395,2022,2510,8023,
4377,1364,1573,22774,6312,16121,15291,14957,
4383,4768,9706,6970,27236,6429,
4478,14385,5218,9645,29934,
4484,1336,6715,18691,2668,3063,
4562,24689,6050,3559,15143,15163,2849,14673,
4565,3873,2627,12388,11941,9318,27825,12819,2868,8630,15223,29976,13657,
4670,9330,27507,631,8619,3884,10653,
4697,32923,4207,12702,22943,
4704,1952,10402,12739,4782,33286,13334,12015,462,19823,
4752,6161,2725,15393,12057,2811,32380,12365,
4768,9706,6970,27236,6429,4383,
4782,1952,4704,10402,12739,13334,33286,12015,
4795,16568,801,6530,3214,
4838,13798,10662,14009,314,33963,8783,
4840,11112,27754,14700,10653,
4880,5366,25151,
4890,23560,2268,12677,11958,
4952,15377,15347,340,9091,89,30812,7071,
4965,18617,9390,13318,
4966,33365,7495,
4978,5218,14323,19673,8466,3179,66,
5012,11242,5509,16458,32188,8813,7038,14479,
5026,19384,15609,5701,21183,
5030,5056,14532,14981,14538,7181,527,12816,13074,5557,12567,1752,12155,23580,8061,8414,10389,
5053,562,12797,6828,10274,11154,22749,
5056,14532,14981,5030,14538,7181,527,12816,13074,10389,12567,1752,12155,23580,8061,8414,5557,
5112,15950,18135,
5172,3873,30714,9387,1630,
5195,5633,6562,33188,13941,2697,15163,
5217,904,10274,28508,7581,2327,
5218,14385,66,14323,4478,19673,8466,3179,4978,29934,9645,
5284,2552,20562,13436,2130,
5321,9248,11152,9170,20084,10662,8969,16969,6941,15007,
5352,15777,11506,12108,3642,23086,
5359,21157,
5366,4880,13058,31668,10677,5734,5835,14418,25151,
5368,8617,2732,23692,15374,739,
5408,25012,7813,15080,14191,2581,9269,3678,10981,
5435,13584,185,14895,24085,6311,
5460,10035,7796,5830,31431,
5467,1292,21069,14557,
5506,3880,17113,314,12876,12623,
5509,5012,11242,32188,7038,
5532,8036,407,6106,17199,381,10365,
5542,1124,13285,3558,9466,29819,974,
5557,5056,14532,14981,5030,14538,7181,527,12816,13074,10389,12567,1752,12155,23580,8061,8414,
5560,2298,17500,
5601,3248,3904,15554,10019,11172,16174,2298,13947,31676,12958,
5623,12490,14714,33614,
5633,6562,15163,33188,13941,2697,5195,
5642,32266,9383,4102,15815,
5646,19584,1972,2358,
5651,3322,11259,6106,31806,11519,
5670,9164,3606,26398,
5685,21074,
5701,15609,5026,21183,
5734,13058,31668,10677,5366,5835,14418,
5759,12702,10667,10365,24062,
5830,7796,10035,5460,31431,
5834,14272,26346,834,
5835,13058,31668,5366,5734,14418,10677,
5844,23643,9295,
5878,14848,27586,15308,15478,
5890,7810,9859,14118,4009,2232,20364,9649,16051,24,14360,122,27931,
5969,664,8513,20410,10996,13589,
5984,9424,11896,16483,1896,3529,14491,7949,
5995,8144,22277,2287,
6016,19425,8179,526,1078,881,12745,14716,6099,14,
6050,24689,4562,15143,3559,14673,15163,2849,
6082,10770,18429,8910,
6099,6016,19425,8179,526,1078,881,12745,14716,14,
6106,5651,8036,11519,10365,407,3322,11259,5532,381,31806,17199,
6144,10770,6242,31310,
6161,4752,15393,2725,12057,2811,32380,12365,
6216,21520,8530,9141,12599,
6242,6144,10770,31310,
6280,19514,14644,
6311,13584,185,5435,24085,14895,
6312,1364,1573,22774,4377,16121,15291,14957,
6322,10305,16035,10278,18023,1819,715,14,15995,
6335,16449,15671,3513,
6429,4768,6970,27236,9706,4383,
6530,16568,801,4795,3214,
6562,5633,15163,33188,13941,2697,5195,
6592,14241,28850,12347,11596,13,
6631,16296,3061,4239,
6685,7810,17971,10662,11155,11257,7975,2748,10540,
6688,11600,20931,9294,1838,
6715,1336,2668,18691,4484,3063,
6786,8815,11343,7819,8804,18583,
6794,20425,11642,10677,1985,
6828,562,5053,12797,10274,11154,22749,
6833,3376,7810,7511,9100,15682,14032,9649,14930,7443,1972,4213,31127,2360,8830,16350,
6852,3712,12505,12866,28611,15950,
6933,17764,
6941,16969,15007,10662,5321,
6962,3907,12997,2474,8782,7439,8724,13334,2218,15801,2810,10634,23365,
6970,4768,9706,27236,6429,4383,
6976,1552,28722,11939,34021,8517,12582,7515,14460,9986,15054,2079,
7009,10151,1380,15973,19255,
7018,10290,15333,27815,1545,9098,15739,10621,
7038,5012,11242,32188,5509,
7054,23170,743,
7071,15377,15347,340,9091,4952,89,30812,
7181,5056,14532,14981,5030,14538,527,12816,13074,5557,12567,1752,12155,23580,8061,8414,10389,
7224,23546,15452,
7238,7987,14230,24318,
7321,25529,14179,8809,
7349,17984,3712,16450,11152,15719,4009,8380,562,
7353,9264,12800,8596,11183,3254,2951,33455,12902,3471,
7420,14210,11371,1364,20229,14367,14203,555,15007,
7439,3907,23365,2474,8782,6962,8724,13334,2218,15801,2810,10634,12997,
7443,14032,6833,7810,1972,16350,
7460,26168,3692,1005,
7495,33365,4966,
7511,3376,9649,15682,4213,31127,2360,6833,9100,14930,8830,
7515,6976,28722,11939,8517,9986,15054,2079,
7534,11408,24265,8482,12682,8631,
7536,12088,23267,1163,15365,
7581,2327,13617,15954,694,9369,904,9692,24107,28508,10274,5217,
7601,1632,14272,9106,17731,874,
7744,8056,23650,3522,
7788,22512,1409,3148,207,
7791,9791,2731,12228,12828,22639,
7796,8513,22387,5460,5830,31431,10035,
7810,5890,10662,7975,7443,2232,10540,14032,6833,17971,1972,16051,11155,14360,11257,122,27931,2748,6685,16350,9649,
7813,5408,25012,10981,15080,14191,2581,3678,9269,
7819,8815,6786,11343,8804,18583,
7912,8783,3189,16487,
7949,9424,5984,16483,1896,3529,14491,11896,
7975,7810,17971,10662,11155,11257,2748,6685,10540,
7987,14230,7238,24318,
8002,1273,23898,11196,12916,16245,
8007,20328,9409,11884,29,
8023,3049,26395,2022,2510,4335,
8035,26473,12746,15956,
8036,10365,407,6106,5532,381,17199,
8056,7744,23650,3522,
8061,5056,14532,14981,5030,14538,7181,527,12816,13074,5557,12567,1752,12155,23580,8414,10389,
8144,5995,22277,2287,
8179,6016,19425,6099,526,1078,881,12745,14716,14,
8273,13383,22591,
8292,10452,31820,13775,
8380,17984,11152,562,7349,15719,4009,3189,28415,
8414,5056,14532,14981,5030,14538,7181,527,12816,13074,5557,12567,1752,12155,23580,8061,10389,
8430,17457,723,8470,263,
8466,5218,14323,4978,19673,3179,66,
8470,17457,723,17958,263,2055,8430,
8482,11408,24265,12682,7534,8631,
8487,15973,29270,
8513,5969,22387,10996,13589,664,7796,20410,
8517,6976,28722,11939,7515,9986,15054,2079,
8530,21520,16771,9141,12599,6216,14682,15007,15459,
8596,9264,12800,11183,3254,2951,7353,33455,12902,3471,
8598,23222,10375,
8617,5368,2732,739,23692,15374,
8619,9330,27507,631,3884,10653,4670,
8627,15459,548,19533,8719,
8630,12819,27825,2627,4565,9318,15223,13657,
8631,11408,24265,8482,12682,7534,
8647,30139,10662,
8664,3338,21868,511,
8696,16945,16051,10081,10329,3907,475,13950,
8719,8627,15459,548,19533,
8724,3907,23365,2474,8782,7439,6962,13334,2218,15801,2810,10634,12997,
8764,15707,26110,10567,
8782,3907,23365,10634,7439,6962,8724,13334,2218,15801,2810,2474,12997,
8783,4838,3189,10662,16487,7912,14009,314,33963,13798,
8804,8815,6786,7819,11343,18583,
8809,25529,14179,7321,
8813,16458,5012,14479,
8815,6786,7819,8804,11343,18583,
8830,3376,9649,15682,4213,31127,2360,6833,7511,9100,14930,
8910,6082,10770,18429,
8969,9248,11152,9170,20084,5321,
9091,21489,15347,340,15377,4952,89,2010,7071,30812,1407,
9098,10290,15333,27815,1545,7018,15739,10621,
9100,3376,9649,15682,4213,31127,2360,6833,7511,14930,8830,
9106,1632,7601,874,17731,14272,
9141,21520,6216,8530,12599,
9164,3606,5670,26398,
9166,2565,14334,15510,19887,
9170,9248,11152,20084,8969,5321,
9176,15860,11365,32007,
9236,13426,15698,25981,
9248,11152,5321,9170,20084,8969,
9264,12800,8596,11183,3254,2951,7353,33455,12902,3471,
9269,5408,25012,10981,15080,14191,2581,3678,7813,
9270,32330,11700,13406,1838,4175,
9291,14208,32178,2796,218,3678,
9294,11600,6688,20931,1838,
9295,23643,5844,
9318,12819,27825,2627,4565,8630,15223,13657,
9330,27507,631,8619,3884,10653,4670,
9369,13617,15954,694,24107,9692,7581,
9383,32266,5642,4102,15815,
9387,3873,30714,5172,1630,
9390,18617,4965,13318,
9409,20328,11884,29,8007,
9424,5984,11896,16483,1896,3529,14491,7949,
9466,1124,3558,5542,29819,974,13285,
9645,14385,5218,4478,29934,
9649,5890,6833,7511,9100,15682,3376,14360,14930,16051,4213,7810,31127,2232,122,27931,8830,2360,
9692,13617,15954,694,9369,24107,7581,
9706,4768,6970,27236,6429,4383,
9791,12228,2731,7791,12828,22639,
9799,23353,
9859,24,4009,5890,20364,14118,
9986,6976,28722,11939,8517,7515,15054,2079,
10019,3904,5601,15554,11172,14118,20298,16174,12623,3248,14846,2298,13947,31676,12958,
10035,7796,5460,5830,31431,
10081,16945,16051,14725,23847,8696,10329,3907,475,13950,
10085,31218,15143,
10151,7009,1380,15973,19255,
10166,19986,
10195,21795,11861,
10231,25057,13634,11443,12927,12581,15880,27465,14043,3407,
10255,10440,3375,12396,27935,
10274,7581,5217,562,2327,904,6828,12797,28508,22749,11154,5053,
10278,10305,16035,18023,715,14,6322,28779,18133,1174,14571,1144,1819,15995,
10290,15333,27815,7018,1545,9098,15739,10621,
10305,6322,16035,10278,18023,1819,715,14,15995,
10329,16945,16051,10081,8696,3907,475,13950,
10365,10667,8036,12702,407,6106,5759,5532,381,24062,17199,
10375,8598,23222,
10389,5056,14532,14981,5030,14538,7181,527,12816,13074,5557,12567,1752,12155,23580,8061,8414,
10402,1952,4704,12739,13334,33286,4782,12015,
10440,10255,3375,12396,27935,
10452,8292,31820,13775,
10540,7810,17971,10662,11155,11257,7975,2748,6685,
10546,33064,2756,565,
10567,15707,8764,26110,
10582,13536,3888,16475,3999,
10621,10290,15333,27815,1545,9098,15739,7018,
10634,3907,23365,2474,8782,7439,6962,8724,13334,15801,2810,2218,12997,
10653,11112,9330,27507,631,4840,14700,27754,8619,3884,4670,
10662,7810,8647,4838,16969,7975,14009,5321,33963,10540,314,6941,17971,13798,11155,11257,8783,30139,2748,6685,15007,
10667,12702,10365,24062,5759,
10672,12063,11055,11299,2243,1371,17420,13743,
10673,24040,2377,2474,263,2577,
10677,1985,13058,14418,31668,5734,5366,20425,11642,5835,6794,
10770,6144,6242,6082,31310,18429,8910,
10981,5408,25012,9269,15080,14191,2581,3678,7813,
10990,3153,20199,
10996,664,8513,20410,13589,5969,
11055,10672,11299,2243,1371,17420,12063,13743,
11079,28513,562,1746,
11112,4840,27528,27754,11259,14700,10653,
11152,17984,9248,562,8969,20084,7349,15719,4009,5321,8380,9170,
11154,562,5053,12797,6828,10274,22749,
11155,7810,17971,10662,7975,11257,2748,6685,10540,
11172,3248,3904,15554,10019,16174,5601,2298,13947,31676,12958,
11183,9264,12800,8596,12902,3254,2951,7353,33455,3471,
11196,1273,23898,12916,8002,16245,
11230,18048,20268,3759,
11242,5012,32188,5509,7038,
11257,7810,17971,10662,11155,10540,7975,2748,6685,
11259,11112,5651,27528,3322,6106,31806,11519,
11299,10672,11055,2243,1371,17420,12063,13743,
11308,19512,11617,15934,13086,
11343,8815,6786,7819,8804,18583,
11365,9176,15860,32007,
11371,14210,555,1364,20229,14367,14203,7420,15007,
11408,24265,8482,12682,7534,8631,
11443,25057,3407,12581,10231,14043,12927,
11485,13426,1051,18581,16245,
11506,5352,15777,3642,12108,23086,
11519,5651,3322,11259,6106,31806,
11596,6592,14241,28850,12347,13,
11600,6688,20931,9294,1838,
11617,19512,11308,15934,13086,
11642,20425,6794,10677,1985,
11683,4248,3145,33541,1261,
11700,32330,9270,13406,1838,4175,
11836,19842,75,
11861,21795,10195,
11884,20328,9409,29,8007,
11896,9424,5984,16483,1896,3529,14491,7949,
11897,17384,
11939,6976,28722,8517,7515,9986,15054,2079,
11941,29976,2868,12388,4565,3873,
11958,23560,4890,2268,12677,
12015,1952,4704,10402,12739,4782,33286,13334,31870,
12057,4752,6161,2725,15393,2811,32380,12365,
12063,10672,11299,2243,11055,1371,17420,13743,
12088,7536,23267,1163,15365,
12108,5352,15777,11506,3642,23086,
12155,5056,14532,14981,4168,14538,15052,7181,14030,527,12816,13074,10389,12567,1752,23580,26397,8414,5030,14300,5557,8061,3007,
12228,9791,2731,7791,12828,22639,
12342,12864,3176,1876,21101,2832,
12347,6592,14241,28850,11596,13,
12365,4752,15393,2725,6161,12057,2811,32380,
12388,29976,3873,2868,11941,4565,
12389,22783,
12396,10440,10255,3375,27935,
12490,14714,33614,5623,
12505,3712,12866,28611,6852,15950,
12567,5056,14532,14981,5030,14538,7181,527,12816,13074,5557,1752,12155,23580,8061,8414,10389,
12581,25057,3407,11443,10231,14043,12927,
12582,6976,1552,14460,34021,
12599,21520,6216,8530,9141,
12623,5506,10019,14118,3880,17113,20298,12876,314,14846,
12677,23560,4890,2268,11958,
12682,11408,24265,8482,7534,8631,
12693,33589,15029,
12702,5759,10667,4697,22943,10365,24062,4207,
12739,1952,4704,10402,13334,33286,4782,12015,
12745,6016,19425,8179,526,1078,881,14716,6099,14,
12746,26473,8035,15956,
12755,23962,
12781,14632,29305,2082,1157,2007,
12784,957,17399,
12797,562,5053,6828,10274,11154,22749,
12800,9264,8596,11183,3254,2951,7353,33455,12902,3471,
12816,5056,14532,14981,5030,14538,7181,527,13074,5557,12567,1752,12155,23580,8061,8414,10389,
12819,27825,2627,4565,8630,15223,13657,9318,
12828,12228,2731,7791,9791,22639,
12864,3176,2832,1876,21101,12342,
12866,3712,12505,28611,6852,15950,
12876,3880,17113,314,5506,12623,
12902,9264,12800,8596,11183,3254,2951,7353,33455,3471,
12916,1273,23898,11196,8002,16245,
12927,25057,11443,12581,10231,14043,3407,
12958,3248,3904,15554,10019,11172,5601,2298,13947,31676,16174,
12997,3907,23365,2474,8782,7439,6962,8724,13334,2218,15801,2810,10634,
13058,14418,31668,5366,5734,5835,10677,
13074,5056,14532,14981,5030,14538,7181,527,12816,5557,12567,1752,12155,23580,8061,8414,10389,
13086,19512,11617,11308,15934,
13285,1124,3558,5542,9466,29819,974,
13318,18617,4965,9390,
13334,1952,4704,10402,3907,23365,33286,10634,8782,7439,6962,12739,8724,4782,2218,15801,2810,12015,2474,12997,
13383,8273,22591,
13406,32330,11700,9270,1838,4175,
13426,15698,9236,16245,25981,1051,11485,18581,
13436,2552,20562,5284,2130,
13536,3888,16475,10582,3999,
13584,185,5435,14895,24085,6311,
13589,664,8513,20410,10996,5969,
13617,15954,694,9369,24107,9692,7581,
13627,32656,14385,3123,13765,454,
13634,15880,27465,10231,
13657,12819,27825,2627,4565,8630,15223,9318,
13705,25425,3348,2666,367,14762,13775,
13735,15374,14206,33479,
13743,10672,11055,11299,2243,1371,17420,12063,
13764,265,20690,
13765,32656,14385,13627,454,3123,
13775,25425,10452,3348,13705,2666,31820,14762,8292,367,
13781,22455,
13798,4838,10662,14009,314,33963,8783,
13941,5633,6562,15163,33188,2697,5195,
13947,3248,3904,15554,10019,11172,16174,5601,2298,31676,12958,
13950,16945,16051,10081,8696,10329,3907,475,
14009,10662,4838,13798,314,33963,8783,
14030,4168,14300,12155,15052,26397,3007,
14032,6833,7810,7443,1972,16350,
14043,25057,11443,12581,10231,3407,12927,
14118,5890,10019,9859,24,4009,20298,20364,14846,12623,
14121,3049,2170,18823,
14179,25529,8809,7321,
14191,5408,15080,25012,10981,7813,2581,3678,9269,
14203,14210,11371,1364,20229,14367,555,7420,15007,
14206,13735,15374,33479,
14208,32178,9291,2796,218,3678,
14210,11371,1364,20229,14367,14203,555,7420,15007,
14230,7987,7238,24318,
14241,6592,28850,12347,11596,13,
14272,1632,7601,9106,17731,5834,26346,834,874,
14300,4168,12155,15052,26397,14030,3007,
14321,3202,1413,17695,
14323,5218,4978,19673,8466,3179,66,
14334,2565,15510,9166,19887,
14360,9649,5890,16051,2232,122,27931,7810,
14367,14210,11371,1364,20229,14203,555,7420,15007,
14385,32656,5218,3123,4478,454,13627,9645,29934,13765,
14418,13058,31668,5366,5734,5835,10677,
14460,6976,1552,34021,12582,
14479,16458,5012,8813,
14491,9424,5984,16483,1896,3529,7949,11896,
14532,5056,14981,5030,14538,7181,527,12816,13074,5557,12567,1752,12155,23580,8061,8414,10389,
14538,5056,14532,14981,5030,7181,527,12816,13074,5557,12567,1752,12155,23580,8061,8414,10389,
14557,5467,1292,21069,
14571,1144,28779,1174,10278,
14632,1157,29305,2082,12781,2007,
14642,15936,21513,15909,3321,
14644,6280,19514,
14673,24689,4562,3559,15143,15163,2849,6050,
14682,8530,16771,15459,15007,
14700,4840,11112,27754,10653,
14714,12490,33614,5623,
14716,6016,19425,8179,526,1078,881,12745,6099,14,
14725,10081,23847,
14755,15879,1151,30639,
14762,25425,3348,13705,2666,367,13775,
14846,20298,10019,14118,12623,
14848,27586,15308,5878,15478,
14874,27585,26332,
14895,13584,185,5435,24085,6311,
14930,3376,9649,15682,4213,31127,2360,6833,9100,7511,18316,8830,
14957,1364,1573,22774,4377,6312,16121,15291,
14981,5056,14532,5030,14538,7181,527,12816,13074,5557,12567,1752,12155,23580,8061,8414,10389,
15007,555,14210,16771,20229,10662,5321,11371,8530,15459,1364,16969,14682,14203,7420,6941,14367,
15029,33589,12693,
15052,4168,12155,14300,26397,14030,3007,
15054,6976,28722,11939,8517,7515,9986,2079,
15080,5408,25012,10981,7813,14191,2581,3678,9269,
15097,17837,
15143,24689,31218,3559,10085,2849,15163,4562,14673,6050,
15163,5633,6050,33188,3559,2697,5195,6562,14673,24689,4562,15143,2849,13941,
15223,12819,27825,2627,4565,8630,13657,9318,
15259,21918,
15291,1364,1573,22774,4377,6312,16121,14957,
15308,14848,27586,5878,15478,
15333,10290,27815,7018,1545,9098,15739,10621,
15347,15377,9091,340,4952,89,30812,7071,
15365,7536,12088,23267,1163,
15374,23692,739,33479,5368,8617,13735,2732,14206,
15377,15347,340,9091,4952,89,30812,7071,
15393,4752,6161,2725,12057,2811,32380,12365,
15440,22130,
15452,7224,23546,
15459,8627,8530,16771,548,14682,8719,19533,15007,
15478,14848,27586,15308,5878,
15510,2565,14334,9166,19887,
15517,19420,
15554,3248,3904,10019,11172,16174,5601,2298,13947,31676,12958,
15609,5026,5701,21183,
15671,16449,6335,3513,
15682,3376,9649,14930,4213,31127,2360,6833,7511,9100,8830,
15698,13426,9236,25981,
15707,8764,26110,10567,
15719,17984,11152,562,7349,20102,4009,207,8380,1391,
15739,10290,15333,27815,7018,1545,9098,10621,
15777,5352,11506,12108,3642,23086,
15801,3907,23365,2474,8782,7439,6962,8724,13334,2218,2810,10634,12997,
15815,32266,5642,4102,9383,
15860,9176,11365,32007,
15879,1151,14755,30639,
15880,27465,13634,10231,
15909,15936,21513,14642,3321,
15934,19512,11617,11308,13086,
15936,21513,14642,15909,3321,
15950,3712,12866,28611,6852,18135,5112,12505,
15954,13617,694,9369,24107,9692,7581,
15956,26473,12746,8035,
15973,7009,1380,29270,10151,19255,8487,
15995,10305,6322,16035,10278,18023,1819,715,14,
16035,10305,6322,15995,10278,18023,1819,715,14,
16051,10081,5890,3907,8696,9649,2232,7810,16945,27931,14360,10329,122,475,13950,
16091,99,26103,
16121,1364,1573,22774,6312,4377,15291,14957,
16174,3248,3904,15554,10019,11172,5601,2298,13947,31676,12958,
16245,13426,12916,18581,11196,1273,23898,1051,8002,11485,
