585622,23444,129176,731744,2883330,585622,729,
1665738,23458,129103,3090003,1665738,729,
1261984,23515,1261984,729,
852988,23548,929863,852988,729,
334674,23554,2393413,334674,729,
421803,23563,421803,729,
410425,23610,410425,729,
1133983,23652,1133983,729,
446484,23657,446484,729,
1085379,93012,2954261,1085379,761,
377993,102092,377993,761,
1667327,129002,1667327,729,
1413784,129175,1413784,729,
1129548,129197,2883420,1129548,729,
1682232,146731,1682232,717,
1279468,152625,2994896,1279468,729,
1066397,169001,1128619,1066397,761,3323,
348559,206138,2393582,348559,729,
899429,206152,899429,729,
1581818,206163,1581818,729,
253323,206227,253323,729,
1469355,206253,1469355,729,
755366,206270,755366,729,
1509091,206294,1509091,729,
220035,206306,2883352,220035,729,
1265253,206320,1265253,729,
1581042,207556,1581042,772,
928617,207561,928617,772,
260496,274185,2637291,260496,761,
96924,274202,1004854,1411878,3091015,96924,761,
356268,274216,356268,761,
1018321,389894,1018321,3323,
25317,420966,25317,761,
1616872,435176,1616872,2429,
1576556,461136,1576556,761,
1382338,542579,1382338,729,
1594992,542582,1594992,729,
1306784,542605,1306784,729,
993393,542643,993393,729,
635520,542682,635520,729,
792436,542685,792436,729,
408354,542759,408354,729,
1710357,542769,2040516,2229625,1710357,729,717,
124799,542770,124799,729,
935861,544097,793133,1406530,935861,761,
552303,731679,552303,729,
964339,731680,964339,729,
930067,731685,3206583,930067,729,
880110,731719,880110,729,
950400,731734,950400,729,
1156893,731769,1156893,729,
1554973,733198,1292098,1554973,761,729,
286662,803064,286662,761,
1446725,803075,1446725,761,
841866,913666,1476484,841866,772,
1532465,913701,1532465,772,
483333,929865,483333,729,
429139,929869,429139,729,
1546108,929912,2883319,1546108,729,
480628,929927,480628,729,
43900,930833,1199999,1767557,1966938,43900,3323,761,
1208539,930990,2341185,1208539,3323,761,
1465215,931334,1465215,761,
124700,995464,2714756,124700,761,
1052061,1127377,1052061,729,
261735,1127463,261735,729,
749956,1127497,749956,729,
515972,1127503,515972,729,
671420,1127552,671420,729,
1642871,1127574,1642871,729,
205734,1128848,205734,761,
721893,1128988,721893,761,
381930,1135460,381930,717,
600986,1174366,1512363,2777717,600986,717,
305015,1196668,305015,761,
1695963,1199787,1695963,761,
910231,1200017,910231,761,
1165632,1205903,1165632,761,
1609999,1205952,1609999,761,
324106,1206003,324106,761,
459019,1284852,2418536,459019,717,
421878,1292091,421878,729,
1151641,1406438,1151641,761,
973540,1512340,973540,717,
1062252,1588144,1062252,3323,
1659510,1729807,1659510,761,
1306251,1762499,1306251,761,
1561405,1767648,1951290,1561405,761,
91963,1798355,91963,761,
1519315,1798428,1519315,761,
107484,1824735,1824743,107484,717,
475316,1824788,2008017,2811248,475316,717,
883,1925344,883,761,
1355375,1925508,2488685,1355375,761,
828239,1951367,828239,761,
418325,1956787,418325,761,
1511254,1983887,1511254,761,
1388094,2025948,1388094,761,
1008575,2040494,3228076,1008575,717,
68667,2040564,68667,717,
428390,2277896,428390,9964,
1217588,2393560,1217588,729,
373253,2393591,3206490,373253,729,
1452308,2393593,1452308,729,
1321029,2393674,1321029,729,
204625,2418463,204625,717,
504701,2546330,504701,717,
1400573,2556514,1400573,761,
344908,2582030,344908,717,
1247708,2611667,1247708,717,
1441320,2637121,1441320,761,
58133,2697011,58133,717,
556842,2702493,556842,729,
775525,2883296,775525,729,
929441,2883316,929441,729,
1573328,2883380,1573328,729,
1257160,2883412,3089946,1257160,729,
633951,2883436,633951,729,
1569458,2883448,1569458,729,
10682,2883532,10682,729,
9705,2928534,9705,451,
1331768,2954430,1331768,761,
283902,2979905,3227947,283902,717,
1146520,2994764,1146520,729,
993346,2994825,993346,729,
1140234,2994899,1140234,729,
1249883,2994921,1249883,729,
1227321,2994925,1227321,729,
839090,2994970,839090,729,
1010413,3014589,1010413,717,
829177,3089935,829177,729,
831428,3089971,831428,729,
719023,3089988,719023,729,
291814,3090005,291814,729,
81357,3090027,81357,729,
771945,3090034,771945,729,
1476173,3164409,1476173,761,
1616113,3206499,1616113,729,
613404,3206509,613404,729,
1014568,3206545,1014568,729,
1570180,3206564,1570180,729,
1144935,3206606,1144935,729,
1358330,3206627,1358330,729,
1146366,3206660,1146366,729,
23444,585622,729,
23458,1665738,729,
23493,729,
23515,1261984,729,
23548,852988,729,
23554,334674,729,
23563,421803,729,
23610,410425,729,
23641,729,
23652,1133983,729,
23657,446484,729,
23662,729,
24658,772,
24763,772,
24771,772,
24807,772,
45452,761,
80406,1773,
93012,1085379,761,
93023,761,
93118,761,
93184,761,
102092,377993,761,
129002,1667327,729,
129103,1665738,729,
129175,1413784,729,
129176,585622,729,
129197,1129548,729,
146731,1682232,717,
152625,1279468,729,
157283,761,
169001,1066397,761,
206138,348559,729,
206152,899429,729,
206163,1581818,729,
206227,253323,729,
206253,1469355,729,
206270,755366,729,
206294,1509091,729,
206306,220035,729,
206320,1265253,729,
207556,1581042,772,
207561,928617,772,
207585,
274073,761,
274122,761,
274155,761,
274185,260496,761,
274202,96924,761,
274212,761,
274216,356268,761,
274242,761,
352951,761,
389894,1018321,3323,
420966,25317,761,
421018,761,
435176,1616872,2429,
461136,1576556,761,
461202,761,
461237,761,
542579,1382338,729,
542582,1594992,729,
542605,1306784,729,
542609,729,
542643,993393,729,
542682,635520,729,
542685,792436,729,
542759,408354,729,
542765,729,
542769,1710357,729,
542770,124799,729,
543908,761,
543982,761,
544052,761,
544097,935861,761,
544104,761,
718241,772,
718249,772,
718276,772,
718339,772,
731603,729,
731679,552303,729,
731680,964339,729,
731685,930067,729,
731719,880110,729,
731734,950400,729,
731735,729,
731744,585622,729,
731769,1156893,729,
733140,761,
733158,761,
733198,1554973,761,
733245,761,
793133,935861,761,
802995,761,
803064,286662,761,
803075,1446725,761,
882133,717,
882153,717,
882157,717,
882209,717,
882614,717,
882618,717,
882647,717,
913666,841866,772,
913701,1532465,772,
929863,852988,729,
929865,483333,729,
929869,429139,729,
929912,1546108,729,
929918,729,
929927,480628,729,
930833,43900,3323,
930836,3323,
930990,1208539,3323,
931334,1465215,761,
995464,124700,761,
1004784,761,
1004854,96924,761,
1083604,761,
1127377,1052061,729,
1127391,729,
1127463,261735,729,
1127497,749956,729,
1127502,729,
1127503,515972,729,
1127552,671420,729,
1127574,1642871,729,
1128619,1066397,3323,
1128848,205734,761,
1128850,761,
1128988,721893,761,
1135460,381930,717,
1173975,772,
1174366,600986,717,
1175480,3323,
1196668,305015,761,
1199787,1695963,761,
1199999,43900,
1200017,910231,761,
1205813,761,
1205822,761,
1205903,1165632,761,
1205952,1609999,761,
1205958,761,
1206003,324106,761,
1273235,772,
1273243,772,
1273316,772,
1273357,772,
1284791,717,
1284839,717,
1284852,459019,717,
1284894,717,
1284941,717,
1292091,421878,729,
1292098,1554973,729,
1333630,761,
1379952,2238,
1380012,2238,
1406438,1151641,761,
1406511,761,
1406529,761,
1406530,935861,761,
1411878,96924,761,
1441333,717,
1476464,772,
1476484,841866,772,
1476517,772,
1476593,772,
1512340,973540,717,
1512363,600986,717,
1512368,717,
1541662,3323,
1541985,761,
1588144,1062252,3323,
1588244,3323,
1638435,717,
1638572,717,
1638624,717,
1638652,717,
1663023,471,
1700044,761,
1710002,717,
1710071,717,
1729807,1659510,761,
1762499,1306251,761,
1762541,761,
1767557,43900,761,
1767648,1561405,761,
1798355,91963,761,
1798364,761,
1798380,761,
1798402,761,
1798428,1519315,761,
1824640,717,
1824671,717,
1824733,717,
1824735,107484,717,
1824743,107484,717,
1824788,475316,717,
1824844,717,
1925344,883,761,
1925410,761,
1925508,1355375,761,
1937897,761,
1951290,1561405,761,
1951367,828239,761,
1956787,418325,761,
1966938,43900,3323,
1983833,761,
1983887,1511254,761,
2007981,717,
2007987,717,
2008017,475316,717,
2020998,729,
2025948,1388094,761,
2040494,1008575,717,
2040516,1710357,717,
2040523,717,
2040564,68667,717,
2040570,717,
2040572,717,
2040584,717,
2040587,717,
2105679,761,
2105720,761,
2142770,761,
2142811,761,
2173303,761,
2229540,717,
2229596,717,
2229605,717,
2229625,1710357,717,
2229626,717,
2277896,428390,9964,
2289839,761,
2328542,761,
2341185,1208539,761,
2363609,761,
2363713,761,
2363774,761,
2393413,334674,729,
2393560,1217588,729,
2393582,348559,729,
2393591,373253,729,
2393593,1452308,729,
2393674,1321029,729,
2418417,717,
2418463,204625,717,
2418468,717,
2418536,459019,717,
2418552,717,
2488685,1355375,761,
2546330,504701,717,
2556514,1400573,761,
2582030,344908,717,
2611667,1247708,717,
2611856,717,
2637121,1441320,761,
2637291,260496,761,
2682512,761,
2696008,717,
2697011,58133,717,
2702493,556842,729,
2714666,761,
2714756,124700,761,
2727881,761,
2727987,761,
2745231,717,
2752252,761,
2777563,717,
2777588,717,
2777717,600986,717,
2777732,717,
2811105,717,
2811163,717,
2811248,475316,717,
2871985,729,
2883296,775525,729,
2883316,929441,729,
2883319,1546108,729,
2883330,585622,729,
2883352,220035,729,
2883380,1573328,729,
2883412,1257160,729,
2883420,1129548,729,
2883436,633951,729,
2883448,1569458,729,
2883466,729,
2883532,10682,729,
2928534,9705,451,
2937382,761,
2954261,1085379,761,
2954287,761,
2954430,1331768,761,
2954439,761,
2954441,761,
2979779,717,
2979905,283902,717,
2979918,717,
2994764,1146520,729,
2994817,729,
2994825,993346,729,
2994896,1279468,729,
2994899,1140234,729,
2994921,1249883,729,
2994925,1227321,729,
2994970,839090,729,
3014481,717,
3014570,717,
3014589,1010413,717,
3089935,829177,729,
3089946,1257160,729,
3089971,831428,729,
3089988,719023,729,
3090003,1665738,729,
3090005,291814,729,
3090027,81357,729,
3090034,771945,729,
3090967,761,
3091015,96924,761,
3091699,772,
3091843,772,
3091847,772,
3138493,1415,
3164409,1476173,761,
3206490,373253,729,
3206499,1616113,729,
3206509,613404,729,
3206545,1014568,729,
3206564,1570180,729,
3206583,930067,729,
3206606,1144935,729,
3206627,1358330,729,
3206633,729,
3206660,1146366,729,
3227947,283902,717,
3228020,717,
3228026,717,
3228076,1008575,717,
3228090,717,
729,23444,23458,23493,23515,23548,23554,23563,23610,23641,23652,23657,23662,129002,129103,129175,129176,129197,152625,206138,206152,206163,206227,206253,206270,206294,206306,206320,542579,542582,2883380,542605,542609,542643,542682,542685,542759,542765,542769,542770,731603,731679,731680,731685,731719,731734,731735,731744,731769,929863,929865,929869,929912,929918,929927,1127377,1127391,1127463,1127497,1127502,1127503,1127552,1127574,1292091,1292098,2020998,2393413,2393560,2393582,2393591,2393593,2393674,2702493,2871985,2883296,2883316,2883319,2883330,2883352,2883412,2883420,2883436,2883448,2883466,2883532,2994764,2994817,2994825,2994896,2994899,2994921,2994925,2994970,3089935,3089946,3089971,3089988,3090003,3090005,3090027,3090034,3206490,3206499,3206509,3206545,3206564,3206583,3206606,3206627,3206633,3206660,585622,1665738,1261984,852988,334674,421803,410425,1133983,446484,1667327,1413784,1129548,1279468,348559,899429,1581818,253323,1469355,755366,1509091,220035,1265253,1382338,1594992,1306784,993393,635520,792436,408354,1710357,124799,552303,964339,930067,880110,950400,1156893,483333,429139,1546108,480628,1052061,261735,749956,515972,671420,1642871,421878,1554973,1217588,373253,1452308,1321029,556842,775525,929441,1573328,1257160,633951,1569458,10682,1146520,993346,1140234,1249883,1227321,839090,829177,831428,719023,291814,81357,771945,1616113,613404,1014568,1570180,1144935,1358330,1146366,
772,24658,24763,24771,24807,207556,207561,718241,718249,718276,718339,913666,913701,1173975,1273235,1273243,1273316,1273357,1476464,1476484,1476517,1476593,3091699,3091843,3091847,1581042,928617,841866,1532465,
761,45452,93012,93023,93118,93184,102092,157283,169001,274073,274122,274155,274185,274202,274212,274216,274242,352951,420966,421018,461136,461202,461237,543908,543982,544052,544097,544104,733140,733158,733198,733245,793133,802995,803064,803075,931334,995464,1004784,1004854,1083604,1128848,1128850,1128988,1196668,1199787,2727987,1200017,1205813,1205822,1205903,1205952,1205958,1206003,1333630,1406438,1406511,1406529,1406530,1411878,1541985,1700044,1729807,1762499,1762541,1767557,1767648,1798355,1798364,1798380,1798402,1798428,1925344,1925410,1925508,1937897,1951290,1951367,1956787,1983833,1983887,2025948,2105679,2105720,2142770,2142811,2173303,2289839,2328542,2341185,2363609,2363713,2363774,2488685,2556514,2637121,2637291,2682512,2714666,2714756,2727881,2752252,2937382,2954261,2954287,2954430,2954439,2954441,3090967,3091015,3164409,1085379,377993,1066397,260496,96924,356268,25317,1576556,935861,1554973,286662,1446725,1465215,124700,205734,721893,305015,1695963,910231,1165632,1609999,324106,1151641,1659510,1306251,43900,1561405,91963,1519315,883,1355375,828239,418325,1511254,1388094,1208539,1400573,1441320,1331768,1476173,
1773,80406,
717,146731,882133,882153,882157,882209,882614,882618,882647,1135460,1174366,1284791,1284839,1284852,1284894,1284941,1441333,1512340,1512363,1512368,1638435,1638572,1638624,1638652,1710002,1710071,1824640,1824671,1824733,1824735,1824743,1824788,1824844,2007981,2007987,2008017,2040494,2040516,2040523,2040564,2040570,2040572,2040584,2040587,2229540,2229596,2229605,2229625,2229626,2418417,2418463,2418468,2418536,2418552,2546330,2582030,2611667,2611856,2696008,2697011,2745231,2777563,2777588,2777717,2777732,2811105,2811163,2811248,2979779,2979905,2979918,3014481,3014570,3014589,3227947,3228020,3228026,3228076,3228090,1682232,381930,600986,459019,973540,107484,475316,1008575,1710357,68667,204625,504701,344908,1247708,58133,283902,1010413,
3323,389894,930833,930836,930990,1128619,1175480,1541662,1588144,1588244,1966938,1018321,43900,1208539,1066397,1062252,
2429,435176,1616872,
2238,1379952,1380012,
471,1663023,
9964,2277896,428390,
451,2928534,9705,
1415,3138493,
