445655	287923	1
164000	287924	1
1356495	287925	1
1690609	287926	1
257568	287926	1
1238786	287927	1
671576	287928	1
289496	287929	1
798856	287930	1
1165066	287931	1
378965	287931	1
36712	287932	1
577645	287933	1
767022	287934	1
220035	287935	1
573668	287936	1
1540990	287937	1
480628	287938	1
1098748	287939	1
388537	287939	1
563595	287939	1
515972	287940	1
616194	287940	1
1171483	287941	1
1549945	287942	1
92677	287942	1
467301	287943	1
673714	287943	1
421878	287944	1
118171	287945	1
1594992	287946	1
1321029	287947	1
944507	287947	1
1576556	287947	1
220035	287948	1
1133983	287949	1
1052061	287950	1
373253	287951	1
989767	287951	1
1146520	287952	1
1570180	287953	1
1279468	287954	1
407	287955	1
253323	287956	1
912171	287956	1
1413784	287957	1
993346	287958	1
880110	287959	1
373253	287960	1
989767	287960	1
1667327	287961	1
145611	287962	1
1481059	287962	1
1144935	287963	1
336265	287963	1
392208	287963	1
1665738	287964	1
899429	287965	1
344452	287965	1
60911	432347	1
843655	432348	1
987377	432349	1
364358	432350	1
765801	432350	1
541409	432351	1
215924	432352	1
1312598	432353	1
1369879	432354	1
563595	432354	1
745903	432355	1
1642923	432356	1
667933	432357	1
778502	432357	1
361675	432358	1
880039	432359	1
1616872	432360	1
796410	432361	1
356234	432362	1
528300	432363	1
1080571	432364	1
1024973	432365	1
721795	432366	1
549062	432366	1
1673950	432366	1
1673950	432367	1
721795	432367	1
549062	432367	1
15051	432368	1
23508	432369	1
1510732	432370	1
24258	432370	1
577645	432371	1
1481480	432372	1
1614991	432373	1
381778	432373	1
1553829	432373	1
1132776	432373	1
1349237	432373	1
1657064	432374	1
832255	432374	1
1017867	432375	1
456006	432376	1
1188454	432377	1
576546	432378	1
74431	432379	1
1549945	432380	1
1698889	432381	1
1604767	432382	1
1536619	432383	1
1536619	432384	1
769241	432385	1
8441	432386	1
1630865	432387	1
402251	432388	1
78049	596662	1
1481480	596662	1
197959	596662	1
132025	596662	1
381282	604933	1
364358	604934	1
765801	604934	1
1447197	604935	1
576744	604935	1
570940	604935	1
357714	604935	1
1375442	604935	1
1522158	604935	1
964339	604936	1
574765	604937	1
879577	604938	1
518651	604938	1
364475	604939	1
1551828	604940	1
984461	604941	1
380561	604942	1
429139	604943	1
1417590	604943	1
1247689	604944	1
154383	604945	1
41767	604946	1
1158002	604948	1
541402	604949	1
1421770	604950	1
287710	604951	1
123554	604952	1
535543	604953	1
690039	604954	1
396555	604955	1
1061038	604955	1
405359	604955	1
673715	604956	1
406793	604957	1
951433	604958	1
1097531	604959	1
537258	604959	1
1707039	604960	1
458569	604960	1
1349006	604961	1
886037	604962	1
621177	604963	1
1097952	604964	1
552372	604965	1
567784	604966	1
865856	683790	1
878054	683818	1
414271	683847	1
25201	683848	1
1293811	683850	1
1683216	683855	1
973723	683877	1
388443	683878	1
384865	683879	1
11610	683880	1
31223	683881	1
27018	683890	1
849529	683902	1
161551	683903	1
616972	683904	1
1421213	683905	1
1591282	683906	1
1091215	683907	1
970852	683908	1
1235475	683909	1
1470022	683916	1
910943	683923	1
680835	683929	1
1697939	683930	1
67766	683931	1
1001727	683932	1
847441	683933	1
611104	834986	1
1616872	836026	1
1024614	840605	1
1044030	1111305	1
1493537	1111306	1
831052	1111306	1
971225	1111306	1
1391658	1111306	1
914625	1111307	1
1438555	1111307	1
949423	1111308	1
458569	1111309	1
871335	1111309	1
167942	1111310	1
1440398	1111310	1
958014	1111311	1
973392	1111312	1
524880	1111313	1
676470	1111313	1
1423536	1111314	1
955245	1111315	1
456671	1111316	1
1349006	1111317	1
1438555	1111318	1
1440905	1111319	1
869467	1111320	1
1676596	1111321	1
550318	1111322	1
27021	1111323	1
1470916	1111348	1
1493515	1111349	1
1251991	1111350	1
949451	1111351	1
900254	1111352	1
1470916	1111353	1
1680587	1111353	1
911384	1111353	1
1252864	1111353	1
900973	1111353	1
914625	1111354	1
1472073	1111355	1
952280	1111356	1
720286	1111356	1
1254900	1111357	1
1710445	1111358	1
1252864	1111358	1
1048080	1111359	1
1436791	1111359	1
165051	1111360	1
916874	1111361	1
881507	1111361	1
881689	1111362	1
953954	1111362	1
884516	1111362	1
1413784	1111363	1
405580	1111364	1
1469506	1111365	1
721795	1111366	1
969782	1111366	1
910128	1111367	1
1255792	1111368	1
1323841	1111369	1
996241	1111370	1
899429	1111370	1
1257631	1111371	1
972276	1111398	1
160441	1111399	1
562879	1111400	1
868510	1111401	1
628463	1111402	1
959893	1111403	1
931580	1111404	1
534891	1111405	1
955744	1111406	1
857174	1111407	1
464439	1111408	1
1133983	1111409	1
970607	1111410	1
1438555	1111411	1
970256	1111411	1
1493500	1111412	1
422996	1111413	1
1423594	1111413	1
1233518	1111414	1
1485224	1111415	1
627676	1111416	1
218670	1111416	1
1471777	1111417	1
713690	1111418	1
53073	1111419	1
405297	1111420	1
1252047	1111420	1
1253480	1111421	1
939108	1111422	1
682744	1111423	1
1255746	1111424	1
953563	1111425	1
1440905	1111426	1
1437428	1111427	1
957520	1111428	1
1255740	1111429	1
1469506	1128377	1
693279	1128378	1
826854	1128379	1
550180	1128380	1
568581	1128380	1
710988	1128381	1
735706	1128381	1
831185	1128381	1
737954	1128381	1
364358	1128382	1
712151	1128383	1
1277047	1128384	1
349739	1128384	1
1385	1128384	1
711014	1128385	1
720286	1128386	1
720494	1128387	1
553517	1128388	1
961207	1128389	1
177290	1128390	1
1430442	1128391	1
707910	1128392	1
734616	1128393	1
364358	1128394	1
1566994	1128394	1
765801	1128394	1
504967	1128395	1
708041	1128396	1
585501	1128397	1
709968	1128398	1
550719	1128399	1
566978	1128400	1
462940	1128432	1
566979	1128432	1
361675	1128433	1
819979	1128434	1
305489	1128435	1
825009	1128436	1
722676	1128436	1
738317	1128436	1
307179	1128437	1
693888	1128437	1
709582	1128438	1
711358	1128439	1
773668	1128440	1
730418	1128441	1
550318	1128442	1
1642923	1128443	1
671763	1128444	1
698565	1128444	1
695363	1128444	1
550363	1128444	1
132025	1128445	1
378965	1128445	1
46129	1128445	1
961841	1128445	1
1549945	1128446	1
370530	1128446	1
723001	1128446	1
720697	1128447	1
993346	1128447	1
586607	1128448	1
721981	1128449	1
565424	1128449	1
693803	1128449	1
581505	1128449	1
669793	1128450	1
720178	1128450	1
16393	1128450	1
349057	1128451	1
586623	1128452	1
566558	1128453	1
89978	1128454	1
1040798	1128455	1
594370	1128455	1
349760	1128456	1
585113	1128456	1
165051	1128457	1
1470916	1128457	1
671576	1128458	1
349105	1128459	1
551160	1128460	1
662273	1128460	1
730193	1128461	1
722586	1128462	1
1311100	1128463	1
1374873	1128464	1
672682	1128464	1
698291	1128465	1
725566	1128466	1
1243406	1128466	1
727424	1128467	1
1664911	1128467	1
480628	1128468	1
594283	1128468	1
686157	1128469	1
313039	1128470	1
112336	1128471	1
18247	1128471	1
1478890	1128472	1
219678	1128473	1
1476173	1128474	1
1626350	1128475	1
1469506	1128476	1
709981	1128476	1
598223	1128477	1
1607409	1128478	1
680835	1128479	1
683035	1128480	1
663697	1128481	1
550613	1128482	1
729939	1128483	1
566893	1128484	1
681535	1128485	1
672926	1128486	1
727807	1128486	1
803074	1128486	1
854989	1128486	1
711014	1128486	1
944016	1128487	1
738714	1128488	1
705426	1128489	1
692451	1128490	1
563595	1128491	1
826817	1128492	1
361675	1128493	1
1252864	1128494	1
346185	1128495	1
160441	1128496	1
10	1128497	1
27021	1128498	1
287923	6	1
287924	6	1
287925	6	1
287926	6	1
287927	6	1
287928	6	1
287929	6	1
287930	6	1
287931	6	1
287932	6	1
287933	6	1
287934	6	1
287935	6	1
287936	6	1
287937	6	1
287938	6	1
287939	6	1
287940	6	1
287941	6	1
287942	6	1
287943	6	1
287944	6	1
287945	6	1
287946	6	1
287947	6	1
287948	6	1
287949	6	1
287950	6	1
287951	6	1
287952	6	1
287953	6	1
287954	6	1
287955	6	1
287956	6	1
287957	6	1
287958	6	1
287959	6	1
287960	6	1
287961	6	1
287962	6	1
287963	6	1
287964	6	1
287965	6	1
432347	87153	1
432348	87153	1
432349	87153	1
432350	87153	1
432351	87153	1
432352	87153	1
432353	87153	1
432354	87153	1
432355	87153	1
432356	87153	1
432357	87153	1
432358	87153	1
432359	87153	1
432360	87153	1
432361	87153	1
432362	87153	1
432363	87153	1
432364	87153	1
432365	87153	1
432366	87153	1
432367	87153	1
432368	87153	1
432369	87153	1
432370	87153	1
432371	87153	1
432372	87153	1
432373	87153	1
432374	87153	1
432375	87153	1
432376	87153	1
432377	87153	1
432378	87153	1
432379	87153	1
432380	87153	1
432381	87153	1
432382	87153	1
432383	87153	1
432384	87153	1
432385	87153	1
432386	87153	1
432387	87153	1
432388	87153	1
596662	91337	1
604933	91337	1
604934	91337	1
604935	91337	1
604936	91337	1
604937	91337	1
604938	91337	1
604939	91337	1
604940	91337	1
604941	91337	1
604942	91337	1
604943	91337	1
604944	91337	1
604945	91337	1
604946	91337	1
604947	91337	1
604948	91337	1
604949	91337	1
604950	91337	1
604951	91337	1
604952	91337	1
604953	91337	1
604954	91337	1
604955	91337	1
604956	91337	1
604957	91337	1
604958	91337	1
604959	91337	1
604960	91337	1
604961	91337	1
604962	91337	1
604963	91337	1
604964	91337	1
604965	91337	1
604966	91337	1
683790	117972	1
683818	118000	1
683847	118029	1
683848	118030	1
683850	118032	1
683855	118037	1
683877	118059	1
683878	118060	1
683879	118061	1
683880	118062	1
683881	118063	1
683890	118072	1
683902	118084	1
683903	118085	1
683904	118086	1
683905	118087	1
683906	118088	1
683907	118089	1
683908	118090	1
683909	118091	1
683916	118098	1
683923	118105	1
683929	118111	1
683930	118112	1
683931	118113	1
683932	118114	1
683933	118115	1
834986	165128	1
836026	165372	1
840605	165640	1
1111305	199921	1
1111306	199921	1
1111307	199921	1
1111308	199921	1
1111309	199921	1
1111310	199921	1
1111311	199921	1
1111312	199921	1
1111313	199921	1
1111314	199921	1
1111315	199921	1
1111316	199921	1
1111317	199921	1
1111318	199921	1
1111319	199921	1
1111320	199921	1
1111321	199921	1
1111322	199921	1
1111323	199921	1
1111348	199926	1
1111349	199926	1
1111350	199926	1
1111351	199926	1
1111352	199926	1
1111353	199926	1
1111354	199926	1
1111355	199926	1
1111356	199926	1
1111357	199926	1
1111358	199926	1
1111359	199926	1
1111360	199926	1
1111361	199926	1
1111362	199926	1
1111363	199926	1
1111364	199926	1
1111365	199926	1
1111366	199926	1
1111367	199926	1
1111368	199926	1
1111369	199926	1
1111370	199926	1
1111371	199926	1
1111398	199941	1
1111399	199941	1
1111400	199941	1
1111401	199941	1
1111402	199941	1
1111403	199941	1
1111404	199941	1
1111405	199941	1
1111406	199941	1
1111407	199941	1
1111408	199941	1
1111409	199941	1
1111410	199941	1
1111411	199941	1
1111412	199941	1
1111413	199941	1
1111414	199941	1
1111415	199941	1
1111416	199941	1
1111417	199941	1
1111418	199941	1
1111419	199941	1
1111420	199941	1
1111421	199941	1
1111422	199941	1
1111423	199941	1
1111424	199941	1
1111425	199941	1
1111426	199941	1
1111427	199941	1
1111428	199941	1
1111429	199941	1
1128377	200236	1
1128378	200236	1
1128379	200236	1
1128380	200236	1
1128381	200236	1
1128382	200236	1
1128383	200236	1
1128384	200236	1
1128385	200236	1
1128386	200236	1
1128387	200236	1
1128388	200236	1
1128389	200236	1
1128390	200236	1
1128391	200236	1
1128392	200236	1
1128393	200236	1
1128394	200236	1
1128395	200236	1
1128396	200236	1
1128397	200236	1
1128398	200236	1
1128399	200236	1
1128400	200236	1
1128432	200237	1
1128433	200237	1
1128434	200237	1
1128435	200237	1
1128436	200237	1
1128437	200237	1
1128438	200237	1
1128439	200237	1
1128440	200237	1
1128441	200237	1
1128442	200237	1
1128443	200237	1
1128444	200237	1
1128445	200237	1
1128446	200237	1
1128447	200237	1
1128448	200237	1
1128449	200237	1
1128450	200237	1
1128451	200237	1
1128452	200237	1
1128453	200237	1
1128454	200238	1
1128455	200238	1
1128456	200238	1
1128457	200238	1
1128458	200238	1
1128459	200238	1
1128460	200238	1
1128461	200238	1
1128462	200238	1
1128463	200238	1
1128464	200238	1
1128465	200238	1
1128466	200238	1
1128467	200238	1
1128468	200238	1
1128469	200238	1
1128470	200238	1
1128471	200238	1
1128472	200238	1
1128473	200238	1
1128474	200238	1
1128475	200238	1
1128476	200238	1
1128477	200238	1
1128478	200238	1
1128479	200238	1
1128480	200238	1
1128481	200239	1
1128482	200239	1
1128483	200239	1
1128484	200239	1
1128485	200239	1
1128486	200239	1
1128487	200239	1
1128488	200239	1
1128489	200239	1
1128490	200239	1
1128491	200239	1
1128492	200239	1
1128493	200239	1
1128494	200239	1
1128495	200239	1
1128496	200239	1
1128497	200239	1
1128498	200239	1
