15051,1
1570180,1
957520,1
1385,1
1321029,1
693888,1
1438555,1
996241,1
219678,1
886037,1
709582,1
1551828,1
961841,1
197959,1
598223,1
970607,1
402251,1
698291,1
868510,1
676470,1
429139,1
1437428,1
1676596,1
565424,12
349057,1
1604767,1
161551,1
672682,1
566558,1
616972,1
1233518,1
551160,1
727424,16
880110,1
1447197,20
765801,14
1254900,1
25201,1
60911,1
722676,6
518651,1
735706,15
1080571,1
671576,1
727807,1
1476173,1
349760,1
849529,1
931580,1
712151,1
480628,1
1098748,1
730193,1
970256,1
164000,1
959893,1
445655,1
462940,1
832255,1
1238786,1
594370,1
257568,1
910943,1
167942,1
1133983,1
1616872,1
1665738,1
984461,1
1279468,1
1369879,1
1091215,1
307179,1
711014,1
1171483,1
865856,1
1277047,1
663697,1
570940,20
467301,1
831185,1
384865,1
586607,1
1017867,1
145611,1
1374873,1
577645,1
1252047,11
421878,1
123554,1
730418,1
1349006,1
1626350,1
1440398,1
722586,1
364358,14
989767,1
1536619,1
1481480,1
563595,1
1312598,1
964339,1
378965,0
405580,1
585113,1
667933,1
535543,1
160441,1
36712,1
23508,1
313039,1
381778,1
1591282,1
92677,1
549062,1
1252864,1
573668,1
734616,1
729939,1
720697,1
112336,1
407,1
1423536,1
1673950,1
177290,1
1097531,24
67766,1
553517,1
381282,1
1146520,1
944016,1
1001727,1
958014,1
1251991,1
344452,1
1247689,1
857174,1
31223,1
831052,1
709981,1
720178,1
567784,1
745903,1
364475,1
769241,1
550318,1
1614991,1
681535,1
1293811,1
683035,1
1257631,1
881507,1
944507,1
1470022,1
1430442,1
969782,1
515972,1
1391658,1
534891,1
878054,1
1690609,1
1132776,1
1052061,1
1144935,1
53073,1
1165066,0
581505,1
1485224,1
361675,1
686157,1
537258,24
1707039,1
720494,1
1493500,1
1311100,1
952280,1
884516,4
1698889,1
1255792,1
1471777,1
541402,1
627676,1
708041,1
336265,1
621177,1
566978,1
1423594,3
1024973,1
910128,1
662273,1
380561,1
900254,1
1253480,1
616194,1
843655,1
1540990,1
356234,1
1440905,1
971225,1
1436791,8
692451,1
1510732,1
253323,1
1044030,1
18247,1
46129,1
854989,1
738317,6
711358,1
289496,1
1158002,1
1664911,16
1549945,1
405359,1
27021,1
1576556,1
1553829,1
1469506,1
682744,1
132025,1
973723,1
1061038,1
586623,1
388537,1
1040798,1
723001,1
796410,1
373253,1
576546,1
949451,1
961207,1
585501,1
705426,1
939108,1
953954,4
1413784,1
1421770,1
464439,1
707910,1
1375442,20
953563,1
1667327,1
1657064,1
1349237,1
1472073,9
826817,1
576744,20
566979,1
737954,15
916874,1
680835,1
541409,1
825009,1
671763,1
778502,1
8441,1
550613,1
993346,1
552372,1
414271,1
594283,1
1478890,1
673714,1
524880,1
357714,20
1683216,1
710988,15
1566994,1
405297,11
949423,1
972276,1
41767,1
690039,1
24258,1
550363,1
78049,1
721981,12
215924,1
11610,1
422996,3
1048080,8
738714,1
880039,1
1356495,1
349739,1
767022,1
370530,1
456671,1
1481059,1
1323841,1
1421213,1
1630865,1
118171,1
881689,4
396555,1
287710,1
1493515,1
773668,1
803074,1
720286,25
879577,1
912171,1
220035,1
89978,1
10,1
721795,1
1607409,1
951433,1
165051,1
955245,1
1235475,1
914625,1
693279,1
1680587,13
725566,17
611104,1
911384,13
1522158,20
709968,1
973392,1
1255740,1
1493537,1
550719,1
568581,1
346185,1
1417590,1
1243406,17
673715,1
562879,1
504967,1
27018,1
899429,1
955744,1
900973,13
826854,1
672926,1
693803,12
695363,1
1594992,1
16393,1
1188454,1
154383,1
349105,1
1255746,1
869467,1
550180,1
458569,1
574765,1
392208,1
388443,1
528300,1
1470916,1
456006,1
713690,1
566893,1
1097952,1
819979,1
798856,1
74431,1
628463,1
305489,1
698565,1
847441,1
970852,1
669793,1
987377,1
1642923,1
406793,1
871335,1
218670,1
1024614,1
1710445,1
1697939,1
287923,1
287924,1
287925,1
287926,1
287927,26
287928,1
287929,1
287930,1
287931,26
287932,1
287933,1
287934,1
287935,23
287936,1
287937,1
287938,1
287939,18
287940,1
287941,18
287942,26
287943,1
287944,1
287945,23
287946,1
287947,1
287948,1
287949,1
287950,1
287951,1
287952,1
287953,1
287954,1
287955,1
287956,1
287957,1
287958,26
287959,1
287960,1
287961,1
287962,1
287963,1
287964,1
287965,1
432347,28
432348,1
432349,1
432350,26
432351,1
432352,1
432353,1
432354,1
432355,1
432356,1
432357,1
432358,26
432359,1
432360,1
432361,1
432362,1
432363,1
432364,1
432365,26
432366,1
432367,26
432368,1
432369,1
432370,1
432371,1
432372,1
432373,1
432374,1
432375,26
432376,1
432377,1
432378,1
432379,1
432380,1
432381,1
432382,1
432383,1
432384,1
432385,1
432386,1
432387,1
432388,1
596662,28
604933,1
604934,1
604935,1
604936,1
604937,1
604938,1
604939,1
604940,1
604941,1
604942,23
604943,1
604944,1
604945,1
604946,1
604947,1
604948,1
604949,1
604950,1
604951,1
604952,26
604953,1
604954,1
604955,1
604956,23
604957,26
604958,1
604959,1
604960,18
604961,1
604962,1
604963,1
604964,1
604965,1
604966,1
683790,1
683818,1
683847,1
683848,27
683850,26
683855,1
683877,1
683878,21
683879,27
683880,1
683881,1
683890,1
683902,1
683903,26
683904,22
683905,1
683906,1
683907,1
683908,26
683909,10
683916,5
683923,10
683929,10
683930,1
683931,1
683932,1
683933,1
834986,26
836026,1
840605,1
1111305,2
1111306,1
1111307,1
1111308,1
1111309,1
1111310,1
1111311,1
1111312,1
1111313,1
1111314,1
1111315,1
1111316,1
1111317,1
1111318,1
1111319,1
1111320,1
1111321,1
1111322,1
1111323,1
1111348,19
1111349,1
1111350,26
1111351,1
1111352,1
1111353,26
1111354,1
1111355,1
1111356,18
1111357,18
1111358,1
1111359,1
1111360,1
1111361,1
1111362,26
1111363,26
1111364,1
1111365,1
1111366,1
1111367,1
1111368,26
1111369,1
1111370,23
1111371,1
1111398,7
1111399,1
1111400,1
1111401,18
1111402,1
1111403,18
1111404,1
1111405,26
1111406,1
1111407,1
1111408,1
1111409,1
1111410,1
1111411,1
1111412,1
1111413,1
1111414,1
1111415,1
1111416,1
1111417,1
1111418,1
1111419,1
1111420,1
1111421,26
1111422,1
1111423,1
1111424,1
1111425,1
1111426,1
1111427,1
1111428,1
1111429,26
1128377,19
1128378,1
1128379,18
1128380,1
1128381,1
1128382,1
1128383,1
1128384,1
1128385,1
1128386,1
1128387,1
1128388,1
1128389,1
1128390,1
1128391,1
1128392,1
1128393,1
1128394,1
1128395,1
1128396,1
1128397,1
1128398,1
1128399,18
1128400,1
1128432,26
1128433,26
1128434,1
1128435,26
1128436,1
1128437,1
1128438,10
1128439,1
1128440,1
1128441,1
1128442,1
1128443,1
1128444,26
1128445,26
1128446,26
1128447,23
1128448,1
1128449,1
1128450,1
1128451,1
1128452,26
1128453,1
1128454,19
1128455,1
1128456,1
1128457,1
1128458,26
1128459,1
1128460,1
1128461,1
1128462,26
1128463,1
1128464,1
1128465,1
1128466,1
1128467,1
1128468,1
1128469,1
1128470,1
1128471,1
1128472,26
1128473,1
1128474,1
1128475,1
1128476,1
1128477,1
1128478,1
1128479,26
1128480,1
1128481,2
1128482,26
1128483,26
1128484,1
1128485,18
1128486,1
1128487,1
1128488,1
1128489,1
1128490,1
1128491,1
1128492,26
1128493,1
1128494,1
1128495,1
1128496,1
1128497,1
1128498,1
118000,1
118115,1
118037,1
118089,1
199926,19
118086,22
118084,1
118090,26
118059,1
118111,10
118063,1
117972,1
165128,26
118072,1
118112,1
200239,2
200237,26
200238,19
118085,26
199921,2
6,1
118114,1
118062,1
91337,28
118030,27
118113,1
118087,1
165640,1
165372,1
199941,7
87153,28
118060,21
118032,26
118029,1
118098,5
200236,19
118088,1
118061,27
118105,10
118091,10
