16294,2
16319,2
16920,2
16988,2
17141,24
17197,2
17226,14
17278,67
17412,2
17538,2
17762,2
18065,2
18067,2
18451,2
18577,2
18947,2
18963,2
19061,2
19143,2
19178,113
19189,2
19301,2
19359,83
19557,2
19643,2
19710,74
19736,2
19788,2
19862,2
19929,2
19999,13
20079,2
20223,2
20441,2
20485,2
20493,2
20530,2
20531,2
20610,2
20710,2
20964,2
21010,2
21221,58
21285,2
21389,66
21461,2
21507,71
21617,2
21875,2
21914,2
22037,2
22204,2
22266,69
22328,2
22489,2
22696,17
22755,2
22791,2
23327,2
23332,2
23487,2
23610,2
23729,2
23820,28
23873,112
23966,2
24210,2
24244,2
24254,40
24350,2
24458,2
24570,2
25004,2
25198,54
25381,2
25476,2
25501,2
25732,2
25908,2
25941,2
26318,19
26389,2
26778,2
26827,2
27410,2
27753,2
27873,59
28009,2
28028,2
28104,2
28106,2
28296,2
28414,2
28433,2
28914,2
29182,2
29695,2
29900,2
30142,22
30362,96
30490,2
30638,2
30934,2
31140,2
31238,2
31356,2
31371,2
31436,2
31755,2
31817,2
31976,2
32988,2
33125,2
33423,2
33636,2
33656,2
34156,12
34168,11
16892,2
17032,2
17107,2
17223,2
17311,2
17461,2
17917,2
18059,2
18091,87
18114,99
18155,21
18314,3
18377,82
18478,2
18492,2
18598,101
18665,2
18759,109
18933,2
18961,2
18993,104
19185,2
19282,2
19559,2
19714,2
19859,2
19933,2
19982,2
20015,2
20163,2
20250,37
20471,2
20532,9
20808,35
20932,2
20951,2
20961,2
20967,26
20998,2
21182,2
21225,28
21328,2
21444,68
21457,33
21459,2
21628,2
21847,2
22172,2
22403,2
22570,2
22589,32
22697,60
22813,2
22912,2
22944,2
22948,2
22952,2
22984,2
23047,2
23056,2
23542,57
23636,2
23740,2
23980,46
24045,2
24092,2
24246,2
24334,2
24923,2
24943,36
24958,2
25000,2
25144,48
25147,49
25424,2
25659,14
25862,2
26041,6
26348,2
26385,2
26403,2
26404,2
26407,2
26518,7
26595,47
26652,2
27423,54
27619,27
27766,2
27884,2
28058,2
28186,2
28281,2
28380,2
28452,2
28825,2
29069,2
29093,2
29177,2
29583,2
30334,2
31759,2
31809,55
31877,2
32587,2
32694,2
32913,2
33385,2
33413,2
33450,2
33470,2
33640,2
33662,2
33888,2
34067,2
34253,15
16665,2
16719,2
16889,2
17075,14
17258,2
17437,2
17474,2
17686,2
18183,2
18201,2
18246,2
18380,2
18509,106
18558,108
18607,2
18673,2
18690,91
18711,2
19074,2
19155,2
19249,2
19326,2
19416,2
19543,2
20157,2
20258,94
20346,2
20442,2
20535,10
20538,2
20540,2
20887,2
21110,2
21140,118
21311,2
21506,70
21851,23
21873,5
22115,2
22410,2
22461,2
22590,105
22654,2
22908,2
23243,2
23252,2
23702,2
23807,2
23890,2
23918,4
23919,2
23979,2
24231,77
24367,2
25597,88
25654,14
25935,2
26055,52
26145,2
26282,102
26401,2
26485,2
26486,2
26557,2
26615,68
26648,2
26724,2
26853,97
26945,2
26974,2
27034,111
27328,2
27408,2
27506,2
27603,2
27642,2
27742,107
27762,2
27824,88
27966,2
28021,2
28049,18
28062,2
28196,2
28206,2
28237,2
28455,2
28875,2
28961,31
28962,2
28965,2
29245,2
29408,2
30630,2
31106,2
31185,2
31258,2
31422,2
31506,2
31716,2
31900,2
32009,2
32052,2
32070,25
32114,2
32236,43
32966,2
33200,2
33310,2
33348,2
33688,2
33856,2
33902,2
16268,2
16358,2
16930,2
17276,2
17932,2
17961,75
18057,56
18101,2
18325,103
18454,2
18550,2
18554,2
18580,80
18672,2
18828,2
19265,2
19297,2
19349,1
19438,115
19466,2
19664,2
19794,2
19849,2
19985,2
20016,2
20099,2
20121,2
20144,2
20145,2
20318,2
20529,2
20928,2
20999,2
21033,2
21067,2
21169,2
21385,2
21396,63
21652,114
21675,2
22162,2
22321,2
22615,2
22699,2
22757,2
22884,2
22926,2
23190,2
23191,2
23527,2
23554,41
23652,2
23653,2
23663,2
23787,2
23846,2
23936,38
23988,2
24071,2
24097,2
24233,2
24252,2
24323,84
24335,2
24495,2
24758,2
24762,2
24813,2
25201,2
25270,2
25345,2
25358,62
25379,2
25437,2
25668,2
26216,2
26241,2
26440,2
26449,53
26571,2
26592,2
26662,2
27016,2
27462,2
27560,2
27782,2
28006,2
28125,110
28382,44
28843,2
28853,2
28942,30
29300,2
29435,2
29795,2
30401,2
30402,2
30403,2
30464,50
30576,2
30861,2
31124,2
31406,2
31542,2
31657,2
31692,2
31757,2
31987,2
32051,2
32120,16
32190,95
32528,2
32658,51
33198,2
33295,45
33396,2
33454,2
33497,2
33601,2
33701,2
34054,2
34248,2
16340,2
16516,2
16564,2
16865,14
16975,2
17287,2
17310,2
17333,2
17512,2
17576,85
17588,2
17901,2
17931,92
18260,2
18386,2
18428,2
18456,2
18516,98
18599,2
18627,2
18891,2
19058,2
19166,20
19231,2
19322,2
19379,116
19507,2
19575,2
19634,2
19663,2
19814,2
19831,2
19971,2
19973,2
20005,73
20017,2
20051,90
20067,2
20100,2
21136,2
21143,93
21423,2
21428,18
21593,2
21642,78
21650,2
21748,2
21929,6
21979,2
22150,86
22177,2
22187,99
22316,2
22320,2
22329,2
22474,39
22585,2
22675,2
22829,2
22864,2
22994,25
22997,2
22998,100
23087,2
23126,2
23178,89
23186,2
23270,2
23364,2
23381,2
23417,2
23427,79
23697,2
23823,117
23861,2
23952,2
24028,2
24369,2
25080,2
25318,2
25402,2
25407,2
25458,8
25660,14
25691,2
25696,2
25702,2
25768,2
25980,2
26070,2
26246,2
26650,2
26651,2
26693,2
26877,2
26906,2
27061,2
27097,64
27166,2
27524,2
27953,2
28057,2
28061,2
28102,34
28183,2
28328,2
28676,2
28859,2
28866,2
28896,2
28900,2
28907,2
28913,2
28929,18
28934,2
28940,29
28941,2
28943,2
29086,2
29179,2
29180,2
29325,2
29870,2
30377,2
30535,2
30544,2
30975,2
31010,2
31112,65
31191,2
31368,2
31373,72
31480,2
31613,76
31762,107
31822,2
31894,2
32073,61
32419,2
32437,2
33193,2
33218,2
33224,42
33388,2
33639,2
33663,81
33868,2
34153,2
34209,2
34252,2
19,2
189,13
312,2
320,2
382,2
519,2
547,2
548,2
560,2
588,2
652,2
662,2
733,2
745,2
809,66
841,28
847,2
885,2
907,19
908,2
911,2
932,2
954,17
975,2
982,66
1025,2
1029,19
1040,2
1100,2
1137,2
1157,2
1178,2
1192,2
1380,2
1426,2
1452,2
1473,2
1475,2
1555,2
1679,2
1708,96
1711,2
1719,24
1815,2
1866,19
1870,2
1923,2
1940,2
1952,2
1963,2
2055,2
2072,2
2197,24
2264,2
2349,2
2355,2
2360,2
2429,2
2498,2
2577,2
2629,2
2745,2
2748,2
2786,2
2796,2
2801,22
2818,19
2833,2
2882,2
2965,2
3006,2
3023,2
3070,2
3124,2
3148,2
3208,2
3237,2
3268,54
3276,2
3277,2
3306,71
3331,2
3347,19
3348,2
3424,2
3429,2
3452,2
3456,2
3495,2
3531,2
3633,2
3692,2
3807,2
3896,2
3942,14
3961,2
3990,40
4006,2
4014,54
4057,2
4161,2
4172,13
4223,19
4405,2
4517,2
4518,40
4604,2
4628,2
4705,2
4728,2
4791,2
4839,59
4850,24
4880,2
4902,2
5012,2
5067,2
5096,2
5117,69
5167,74
5200,2
5209,2
5231,66
5301,2
5309,113
5352,2
5424,2
5462,2
5463,28
5590,2
5598,2
5633,2
5642,2
5654,2
5655,2
5679,2
5692,2
5702,54
5734,2
5743,69
5758,2
5905,2
5981,2
6054,2
6131,2
6172,2
6322,2
6327,2
6435,2
6469,2
6497,2
6507,2
6579,2
6599,2
6636,2
6661,69
6665,2
6685,2
6718,2
6755,2
6768,2
6794,2
6822,2
6830,2
6907,2
7009,2
7089,14
7118,2
7142,2
7144,2
7353,2
7418,2
7501,2
7514,96
7536,40
7542,67
7546,2
7564,2
7585,54
7595,2
7679,2
7688,2
7716,2
7862,2
7912,2
7944,2
7994,2
8009,71
8157,2
8180,2
8211,2
8293,17
8313,2
8331,2
8372,2
8394,24
8398,2
8403,2
8482,2
8488,2
8489,2
8577,2
8637,2
8647,2
8714,2
8730,11
8788,13
8852,2
8956,14
9077,2
9196,2
9227,2
9244,2
9264,2
9277,2
9294,2
9305,2
9330,2
9372,14
9396,2
9553,2
9559,83
9573,2
9581,2
9606,2
9629,11
9645,2
9689,2
9787,2
9791,2
9812,2
9815,2
9835,2
10005,2
10085,2
10118,2
10156,2
10181,28
10184,2
10198,2
10358,2
10362,2
10366,2
10446,2
10449,2
10564,2
10609,2
10653,2
10667,2
10700,2
10734,2
10759,2
10764,112
10801,2
10822,96
10851,2
10893,2
11017,2
11094,74
11097,2
11152,2
11189,2
11230,2
11267,2
11275,2
11365,2
11376,2
11404,2
11453,2
11456,2
11478,2
11596,2
11618,2
11629,2
11651,2
11677,12
11698,12
11715,2
11782,2
11812,2
11858,2
11864,2
12033,2
12070,113
12071,2
12092,2
12106,2
12131,2
12149,67
12205,2
12228,2
12277,2
12317,2
12331,2
12344,11
12345,12
12353,2
12463,2
12464,40
12632,2
12646,2
12666,2
12784,2
12787,2
12800,2
12832,2
12961,2
13037,2
13042,2
13058,2
13087,2
13150,2
13157,2
13237,2
13239,2
13246,19
13252,2
13262,2
13316,19
13334,2
13406,2
13409,2
13426,2
13480,2
13491,2
13509,2
13527,2
13539,2
13573,2
13590,2
13691,2
13703,2
13731,2
13809,2
13825,2
13941,2
13994,2
14000,2
14072,2
14093,2
14194,2
14212,2
14230,2
14231,2
14274,2
14363,22
14385,2
14386,2
14485,2
14492,2
14515,2
14521,2
14632,2
14683,2
14700,2
14714,2
14789,2
14840,2
14873,58
14884,2
14954,2
14957,2
15007,2
15014,2
15029,2
15085,2
15328,2
15340,2
15374,2
15467,2
15559,2
15561,2
15567,2
15583,2
15664,54
15665,83
15671,2
15707,2
15837,2
15862,2
15882,2
15887,2
15962,2
15990,2
16107,2
16133,2
16164,2
16192,2
16222,2
31,2
42,7
61,2
66,2
86,2
193,2
220,27
235,109
364,2
417,2
495,2
538,2
909,2
949,36
1014,2
1035,2
1081,2
1144,6
1189,2
1228,2
1332,99
1343,2
1391,2
1527,2
1535,2
1584,2
1828,2
1835,35
1862,2
1883,2
2007,2
2038,2
2061,2
2064,2
2074,104
2135,15
2140,2
2147,2
2186,2
2200,2
2232,2
2243,2
2282,2
2303,60
2314,2
2410,28
2420,2
2466,2
2474,2
2506,2
2538,2
2558,2
2625,47
2641,2
2664,109
2668,6
2732,2
2785,2
2810,2
2868,2
2907,2
2941,2
2980,2
2993,2
3007,2
3216,2
3242,2
3264,2
3303,2
3427,101
3557,2
3599,2
3665,2
3728,2
3777,2
3824,2
3829,2
3884,2
4187,15
4239,2
4270,2
4278,2
4347,2
4423,2
4447,32
4480,37
4522,2
4562,2
4570,2
4620,2
4633,2
4646,47
4698,2
4704,6
4706,14
4735,2
4782,54
4840,2
4862,2
4888,35
5020,2
5305,2
5321,2
5347,2
5368,2
5374,2
5502,2
5503,2
5550,2
5657,2
5713,57
5745,2
5808,2
5832,2
5861,101
5868,2
6182,2
6209,2
6290,2
6316,7
6418,33
6422,2
6519,2
6730,82
6789,2
6935,2
6976,2
6992,2
7041,2
7240,57
7298,2
7310,2
7388,2
7404,2
7420,2
7423,36
7427,2
7447,2
7472,2
7557,2
7593,2
7661,82
7821,2
7848,2
7867,2
7902,2
8061,2
8081,2
8117,2
8203,3
8386,2
8465,2
8470,2
8483,2
8548,33
8587,2
8627,2
8857,55
8954,14
8962,60
9031,2
9038,2
9049,21
9079,2
9127,48
9132,2
9142,57
9204,2
9210,48
9214,2
9312,14
9447,2
9522,2
9624,2
9635,2
9784,2
9799,2
9897,33
9908,2
9925,2
9939,26
9953,2
9956,2
9997,2
10138,2
10145,2
10166,2
10175,2
10196,2
10253,2
10276,2
10413,36
10417,57
10430,55
10561,14
10627,2
10630,2
10661,68
10662,68
10673,2
10677,2
10715,2
10760,2
10831,2
10836,2
10988,2
10989,2
10990,2
11013,2
11031,2
11072,2
11195,9
11205,7
11299,2
11311,2
11343,2
11348,2
11361,2
11463,2
11506,49
11537,2
11541,47
11573,2
11617,2
11730,33
11814,99
11817,2
11941,2
11989,2
12010,2
12117,2
12134,2
12307,57
12328,6
12330,2
12395,2
12409,2
12422,2
12444,21
12499,2
12505,26
12519,2
12599,2
12619,2
12816,2
12837,46
12896,6
13047,2
13154,2
13199,2
13217,2
13288,2
13418,2
13489,2
13606,2
13631,2
13671,87
13679,7
13732,2
13745,2
13805,2
13850,2
13861,2
13910,2
13940,2
13955,33
14088,2
14091,2
14182,2
14195,2
14206,2
14320,2
14578,2
14626,2
14662,2
14673,2
14846,2
14856,2
14882,14
14981,2
15033,2
15152,2
15269,2
15334,2
15401,2
15406,2
15440,2
15646,2
15748,55
15753,2
15815,2
15848,2
15922,82
15936,82
15991,54
16060,2
16089,2
16106,35
16237,2
35,5
71,10
89,14
136,2
152,2
171,2
207,2
348,25
357,2
396,2
526,2
723,2
851,2
1068,2
1073,10
1162,2
1303,2
1319,2
1469,2
1693,88
1702,2
1737,2
1838,102
1954,94
1979,2
2033,2
2143,107
2255,2
2455,2
2560,2
2602,2
2706,2
2768,2
2791,2
3053,2
3204,2
3300,2
3508,2
3523,2
3547,2
3573,2
3696,2
3698,118
3732,111
3786,31
3968,2
3977,2
4079,2
4168,2
4177,2
4195,2
4201,2
4304,25
4316,2
4513,23
4529,2
4724,2
4731,2
4739,2
4759,2
4817,2
5047,2
5049,2
5056,2
5085,2
5177,23
5210,2
5268,2
5284,18
5398,2
5626,14
5685,94
5705,2
5742,2
5793,102
5830,2
5834,2
5966,2
6056,2
6073,2
6184,4
6192,2
6194,2
6232,2
6421,2
6543,18
6566,2
6568,2
6808,2
6848,5
6852,2
6927,91
6933,2
6957,2
6999,2
7028,14
7038,2
7100,2
7133,2
7181,2
7193,2
7203,2
7205,108
7316,88
7347,2
7361,2
7504,2
7555,2
7599,2
7601,2
7654,52
7675,2
7700,97
7743,2
7775,4
7813,2
7966,2
7973,52
7987,2
8047,2
8051,18
8097,2
8227,2
8310,2
8365,23
8411,18
8506,2
8517,2
8617,2
8677,43
8736,31
8804,2
8916,2
9054,2
9091,2
9100,2
9133,2
9166,2
9215,2
9248,2
9285,2
9369,2
9395,2
9409,2
9424,2
9491,2
9568,2
9572,2
9710,91
9722,2
9723,2
9778,2
9935,2
10002,2
10030,2
10062,2
10327,14
10389,2
10402,2
10472,2
10552,25
10629,2
10736,2
10797,102
10841,2
10942,2
10963,25
11046,2
11122,2
11151,2
11196,2
11200,2
11242,2
11246,2
11326,2
11338,2
11372,105
11406,2
11408,2
11427,2
11491,2
11504,2
11540,2
11557,2
11578,2
11607,2
11627,2
11794,2
11939,2
11971,2
11985,10
12012,68
12035,102
12055,2
12118,2
12140,2
12489,2
12538,2
12555,14
12565,2
12633,2
12647,2
12852,2
12902,52
13017,2
13019,2
13022,2
13151,2
13176,70
13205,14
13411,77
13481,2
13566,2
13744,2
13750,2
13876,2
13888,88
13891,2
13947,2
13982,97
13995,2
14060,2
14114,31
14118,2
14126,2
14258,2
14268,2
14272,2
14290,2
14344,2
14350,2
14450,2
14600,94
14751,14
14755,2
14998,2
15003,111
15107,2
15163,2
15193,91
15205,2
15250,14
15346,2
15347,106
15468,4
15512,2
15525,2
15609,2
15685,2
15742,2
15764,2
15926,2
16056,2
16080,2
16161,2
16227,2
1,1
94,16
132,2
185,2
391,2
608,51
794,2
855,2
1078,2
1099,75
1102,53
1129,2
1143,2
1201,2
1208,2
1273,2
1291,2
1364,2
1366,2
1606,2
1640,2
1706,2
1729,62
1932,2
2049,2
2109,2
2291,2
2377,110
2391,2
2422,2
2432,2
2519,2
2599,2
2640,2
2774,2
2805,41
2829,2
2834,53
2964,2
3074,2
3168,45
3289,114
3376,2
3513,2
3640,53
3712,2
3735,41
3812,2
3834,2
3904,2
3939,2
4008,2
4076,2
4207,2
4257,2
4272,2
4365,2
4377,2
4399,30
4508,2
4573,84
4770,2
4838,2
4887,2
4941,2
4965,2
4983,2
5028,1
5216,53
5251,2
5327,2
5345,2
5411,2
5465,2
5504,2
5623,50
5640,2
5667,80
5703,2
5884,2
6106,2
6162,2
6244,2
6249,63
6256,2
6280,2
6294,2
6401,2
6433,2
6536,2
6692,2
6699,2
6800,16
6839,2
6926,2
7072,115
7083,2
7229,2
7238,2
7356,2
7357,2
7425,95
7432,2
7487,84
7500,2
7515,2
7629,2
7715,2
7974,2
8023,30
8129,16
8138,2
8182,2
8435,2
8487,2
8524,2
8598,38
8683,44
8703,2
8734,2
8839,2
8905,2
8908,2
8918,2
8976,63
9081,2
9128,2
9219,2
9268,2
9486,2
9542,2
9587,2
9592,2
9649,2
9856,2
9859,95
9988,2
10004,2
10024,2
10105,2
10172,2
10199,2
10213,2
10227,2
10375,38
10422,2
10475,2
10515,2
10593,2
10813,2
10858,103
10987,44
10991,2
11011,2
11034,2
11066,2
11175,2
11179,2
11216,2
11268,2
11349,56
11371,2
11394,2
11497,2
11521,2
11747,2
11783,2
11995,2
12059,2
12096,53
12137,2
12206,2
12452,2
12581,2
12582,2
12623,2
12629,2
12677,2
12702,2
12715,2
12843,2
12890,2
12893,2
12897,2
12899,2
12916,2
12925,2
12954,56
12979,2
13005,2
13301,2
13456,2
13738,2
13779,2
13793,1
13862,2
14323,2
14342,2
14380,2
14417,2
14503,2
14762,2
14932,2
14977,2
15018,2
15218,80
15349,2
15405,115
15413,53
15443,2
15563,2
15673,2
15682,2
15900,2
15973,2
15983,2
16009,2
16103,2
16105,2
16140,2
99,2
122,2
126,2
367,64
381,2
425,18
469,2
617,2
654,2
691,2
724,20
737,2
867,2
969,2
1024,2
1042,2
1174,2
1306,2
1351,20
1369,2
1477,29
1548,2
1580,93
1600,2
1632,2
1776,79
1827,2
1970,2
1971,2
1987,86
2003,2
2083,2
2095,2
2097,2
2113,18
2128,18
2290,2
2527,29
2662,2
2714,2
2733,2
2879,2
2945,85
2947,90
2981,2
3003,2
3020,2
3171,2
3182,2
3238,8
3248,2
3304,2
3322,2
3386,2
3388,2
3398,92
3529,2
3628,61
3674,2
3756,8
3907,98
3955,2
3999,2
4045,2
4144,8
4171,2
4282,76
4664,2
4670,2
4780,2
4819,2
4959,29
5129,72
5218,2
5422,42
5427,2
5438,2
5531,2
5606,90
5768,2
5819,89
5835,2
5837,2
5899,93
5962,2
6024,2
6049,2
6161,2
6312,2
6334,2
6362,2
6510,2
6532,64
6594,89
6610,2
6678,2
6750,2
6851,42
6881,2
6963,2
7301,8
7365,18
7400,39
7448,2
7592,2
7751,2
7767,2
7943,29
7975,2
8110,2
8113,2
8162,2
8239,2
8274,2
8300,2
8317,2
8320,20
8380,2
8520,2
8597,2
8603,39
8622,2
8656,2
8732,2
8753,2
8882,2
8959,34
8967,61
8969,2
8991,2
9036,8
9057,2
9117,2
9140,2
9325,2
9336,2
9405,79
9435,18
9463,81
9480,2
9485,34
9526,2
9571,86
9603,2
9716,2
9767,2
9769,100
9843,2
9885,2
9923,2
10025,2
10027,2
10039,86
10131,2
10179,2
10218,78
10248,2
10278,2
10314,2
10365,2
10388,2
10467,2
10494,2
10506,72
10684,92
10729,2
10739,34
10751,2
10753,2
10830,92
10852,29
10937,14
10975,2
11002,2
11075,2
11087,25
11112,2
11186,2
11223,14
11455,2
11457,2
11473,2
11612,2
11673,2
11720,2
11862,25
11878,2
11926,2
11976,2
12090,2
12153,2
12251,117
12305,2
12360,2
12398,18
12490,98
12502,14
12579,2
12648,34
12752,2
12775,39
12819,2
12948,117
13080,64
13086,65
13145,8
13269,2
13349,73
13364,42
13629,2
13662,14
13692,2
13849,2
13882,2
14002,64
14032,100
14117,14
14149,2
14154,2
14220,2
14222,2
14241,2
14270,25
14298,2
14334,2
14357,2
14418,2
14467,99
14747,2
14812,2
14930,2
14960,2
14994,2
15135,78
15147,78
15186,2
15377,39
15424,85
15507,2
15540,8
15585,2
15667,2
15679,116
15727,2
15743,78
15754,2
15821,2
16049,2
16132,2
16197,2
16228,18
16231,2
16232,2
