16294,85
16319,95
16920,95
16988,30
17141,95
17197,95
17226,95
17278,95
17412,95
17538,95
17762,95
18065,58
18067,95
18451,95
18577,95
18947,95
18963,95
19061,95
19143,95
19178,58
19189,95
19301,95
19359,95
19557,95
19643,95
19710,95
19736,95
19788,95
19862,95
19929,95
19999,95
20079,95
20223,95
20441,19
20485,95
20493,95
20530,95
20531,95
20610,19
20710,58
20964,95
21010,95
21221,58
21285,95
21389,95
21461,95
21507,95
21617,95
21875,58
21914,95
22037,95
22204,95
22266,58
22328,95
22489,58
22696,95
22755,95
22791,95
23327,95
23332,95
23487,95
23610,95
23729,95
23820,25
23873,95
23966,95
24210,95
24244,80
24254,95
24350,19
24458,19
24570,19
25004,95
25198,95
25381,25
25476,95
25501,58
25732,19
25908,58
25941,19
26318,19
26389,95
26778,95
26827,95
27410,95
27753,58
27873,95
28009,95
28028,95
28104,95
28106,95
28296,95
28414,95
28433,95
28914,19
29182,95
29695,95
29900,95
30142,95
30362,19
30490,95
30638,95
30934,95
31140,19
31238,95
31356,95
31371,25
31436,95
31755,95
31817,95
31976,95
32988,19
33125,94
33423,19
33636,95
33656,95
34156,58
34168,95
16892,12
17032,16
17107,8
17223,16
17311,16
17461,12
17917,12
18059,12
18091,12
18114,12
18155,8
18314,16
18377,12
18478,7
18492,12
18598,12
18665,12
18759,74
18933,16
18961,74
18993,12
19185,16
19282,12
19559,12
19714,16
19859,16
19933,12
19982,16
20015,16
20163,16
20250,12
20471,12
20532,16
20808,16
20932,12
20951,16
20961,74
20967,12
20998,12
21182,12
21225,16
21328,12
21444,12
21457,12
21459,16
21628,7
21847,49
22172,16
22403,16
22570,12
22589,12
22697,12
22813,16
22912,16
22944,12
22948,16
22952,12
22984,16
23047,16
23056,16
23542,58
23636,16
23740,12
23980,12
24045,12
24092,12
24246,16
24334,12
24923,7
24943,7
24958,7
25000,8
25144,7
25147,7
25424,12
25659,12
25862,7
26041,12
26348,7
26385,12
26403,8
26404,8
26407,16
26518,8
26595,58
26652,8
27423,16
27619,7
27766,7
27884,12
28058,12
28186,16
28281,12
28380,12
28452,7
28825,16
29069,12
29093,16
29177,16
29583,12
30334,12
31759,7
31809,7
31877,8
32587,12
32694,16
32913,16
33385,12
33413,16
33450,74
33470,7
33640,16
33662,12
33888,12
34067,12
34253,12
16665,2
16719,2
16889,2
17075,2
17258,2
17437,2
17474,2
17686,2
18183,2
18201,2
18246,2
18380,2
18509,2
18558,2
18607,2
18673,2
18690,2
18711,2
19074,2
19155,2
19249,2
19326,2
19416,74
19543,2
20157,2
20258,2
20346,2
20442,2
20535,2
20538,2
20540,2
20887,2
21110,2
21140,2
21311,2
21506,2
21851,2
21873,2
22115,2
22410,2
22461,2
22590,2
22654,2
22908,2
23243,74
23252,2
23702,2
23807,2
23890,2
23918,2
23919,2
23979,60
24231,2
24367,2
25597,2
25654,2
25935,2
26055,2
26145,2
26282,2
26401,2
26485,2
26486,2
26557,2
26615,2
26648,2
26724,2
26853,2
26945,2
26974,2
27034,2
27328,2
27408,2
27506,2
27603,2
27642,2
27742,2
27762,2
27824,2
27966,2
28021,2
28049,2
28062,2
28196,2
28206,2
28237,2
28455,2
28875,2
28961,2
28962,2
28965,2
29245,2
29408,2
30630,2
31106,2
31185,2
31258,2
31422,2
31506,2
31716,2
31900,2
32009,2
32052,2
32070,2
32114,2
32236,2
32966,2
33200,2
33310,2
33348,2
33688,2
33856,102
33902,2
16268,9
16358,1
16930,9
17276,9
17932,9
17961,55
18057,55
18101,1
18325,1
18454,9
18550,1
18554,1
18580,9
18672,9
18828,1
19265,1
19297,1
19349,9
19438,9
19466,9
19664,9
19794,9
19849,9
19985,9
20016,1
20099,9
20121,9
20144,1
20145,1
20318,1
20529,9
20928,9
20999,9
21033,55
21067,1
21169,9
21385,9
21396,1
21652,1
21675,110
22162,1
22321,1
22615,55
22699,1
22757,1
22884,1
22926,1
23190,1
23191,1
23527,1
23554,9
23652,9
23653,9
23663,9
23787,1
23846,9
23936,1
23988,9
24071,1
24097,110
24233,1
24252,9
24323,9
24335,1
24495,9
24758,9
24762,9
24813,9
25201,1
25270,9
25345,9
25358,9
25379,55
25437,9
25668,1
26216,1
26241,9
26440,1
26449,9
26571,9
26592,1
26662,9
27016,9
27462,9
27560,1
27782,9
28006,110
28125,1
28382,85
28843,9
28853,1
28942,9
29300,1
29435,1
29795,9
30401,9
30402,1
30403,1
30464,9
30576,1
30861,9
31124,9
31406,9
31542,1
31657,1
31692,55
31757,1
31987,1
32051,1
32120,9
32190,9
32528,9
32658,9
33198,9
33295,1
33396,1
33454,9
33497,1
33601,9
33701,1
34054,1
34248,9
16340,96
16516,4
16564,96
16865,4
16975,4
17287,96
17310,4
17333,4
17512,4
17576,4
17588,4
17901,96
17931,96
18260,4
18386,96
18428,96
18456,4
18516,4
18599,96
18627,96
18891,96
19058,96
19166,4
19231,96
19322,96
19379,4
19507,96
19575,4
19634,4
19663,96
19814,4
19831,110
19971,96
19973,96
20005,4
20017,96
20051,4
20067,4
20100,19
21136,4
21143,4
21423,4
21428,96
21593,96
21642,4
21650,96
21748,4
21929,96
21979,4
22150,96
22177,96
22187,96
22316,96
22320,4
22329,110
22474,96
22585,4
22675,96
22829,110
22864,4
22994,4
22997,96
22998,96
23087,4
23126,96
23178,110
23186,96
23270,110
23364,96
23381,96
23417,110
23427,96
23697,4
23823,96
23861,4
23952,4
24028,96
24369,19
25080,96
25318,4
25402,96
25407,4
25458,19
25660,96
25691,96
25696,96
25702,96
25768,19
25980,96
26070,96
26246,96
26650,96
26651,8
26693,96
26877,96
26906,96
27061,96
27097,4
27166,96
27524,96
27953,19
28057,96
28061,110
28102,96
28183,4
28328,4
28676,96
28859,110
28866,96
28896,4
28900,4
28907,96
28913,110
28929,96
28934,96
28940,4
28941,4
28943,4
29086,4
29179,96
29180,4
29325,110
29870,96
30377,4
30535,96
30544,96
30975,110
31010,4
31112,96
31191,19
31368,4
31373,25
31480,19
31613,4
31762,96
31822,110
31894,96
32073,96
32419,96
32437,4
33193,96
33218,96
33224,4
33388,4
33639,4
33663,19
33868,4
34153,96
34209,4
34252,4
19,99
189,69
312,108
320,21
382,18
519,14
547,42
548,79
560,37
588,3
652,3
662,22
733,3
745,23
809,39
841,75
847,42
885,69
907,17
908,79
911,101
932,22
954,69
975,22
982,39
1025,73
1029,69
1040,42
1100,3
1137,3
1157,72
1178,88
1192,42
1380,41
1426,21
1452,3
1473,99
1475,21
1555,36
1679,26
1708,42
1711,69
1719,27
1815,3
1866,17
1870,98
1923,19
1940,75
1952,93
1963,105
2055,34
2072,3
2197,69
2264,28
2349,42
2355,3
2360,21
2429,69
2498,64
2577,105
2629,10
2745,3
2748,3
2786,19
2796,112
2801,19
2818,19
2833,3
2882,87
2965,6
3006,3
3023,36
3070,93
3124,15
3148,17
3208,17
3237,17
3268,19
3276,3
3277,42
3306,69
3331,3
3347,72
3348,77
3424,17
3429,54
3452,42
3456,28
3495,29
3531,17
3633,42
3692,69
3807,22
3896,33
3942,79
3961,6
3990,108
4006,42
4014,69
4057,28
4161,99
4172,69
4223,19
4405,108
4517,99
4518,21
4604,3
4628,17
4705,99
4728,99
4791,99
4839,91
4850,24
4880,3
4902,26
5012,77
5067,3
5096,42
5117,26
5167,69
5200,17
5209,42
5231,69
5301,88
5309,22
5352,89
5424,86
5462,3
5463,42
5590,116
5598,98
5633,17
5642,37
5654,6
5655,3
5679,42
5692,29
5702,42
5734,99
5743,22
5758,105
5905,88
5981,3
6054,23
6131,71
6172,69
6322,42
6327,22
6435,19
6469,42
6497,79
6507,39
6579,22
6599,79
6636,69
6661,17
6665,77
6685,3
6718,70
6755,6
6768,6
6794,105
6822,3
6830,42
6907,54
7009,26
7089,3
7118,86
7142,37
7144,69
7353,6
7418,3
7501,6
7514,42
7536,22
7542,42
7546,42
7564,106
7585,72
7595,21
7679,108
7688,69
7716,37
7862,108
7912,42
7944,105
7994,69
8009,69
8157,42
8180,77
8211,17
8293,98
8313,17
8331,3
8372,44
8394,86
8398,88
8403,77
8482,22
8488,21
8489,77
8577,10
8637,112
8647,97
8714,47
8730,69
8788,69
8852,69
8956,112
9077,69
9196,19
9227,54
9244,99
9264,22
9277,108
9294,3
9305,3
9330,75
9372,79
9396,42
9553,21
9559,3
9573,3
9581,3
9606,98
9629,69
9645,69
9689,19
9787,3
9791,78
9812,21
9815,99
9835,42
10005,3
10085,45
10118,17
10156,23
10181,3
10184,99
10198,3
10358,69
10362,72
10366,39
10446,3
10449,39
10564,69
10609,106
10653,115
10667,84
10700,105
10734,19
10759,42
10764,26
10801,42
10822,3
10851,88
10893,69
11017,77
11094,69
11097,29
11152,65
11189,77
11230,93
11267,42
11275,69
11365,91
11376,107
11404,75
11453,21
11456,42
11478,86
11596,10
11618,86
11629,6
11651,21
11677,79
11698,79
11715,42
11782,6
11812,22
11858,19
11864,69
12033,106
12070,17
12071,28
12092,3
12106,54
12131,17
12149,3
12205,41
12228,29
12277,3
12317,29
12331,71
12344,69
12345,15
12353,21
12463,79
12464,69
12632,29
12646,3
12666,42
12784,26
12787,108
12800,88
12832,42
12961,6
13037,3
13042,41
13058,42
13087,18
13150,93
13157,42
13237,50
13239,17
13246,39
13252,42
13262,38
13316,69
13334,88
13406,17
13409,99
13426,88
13480,69
13491,24
13509,47
13527,36
13539,42
13573,22
13590,42
13691,105
13703,3
13731,22
13809,37
13825,69
13941,22
13994,5
14000,39
14072,10
14093,6
14194,3
14212,3
14230,42
14231,99
14274,19
14363,108
14385,90
14386,106
14485,42
14492,17
14515,19
14521,17
14632,19
14683,69
14700,21
14714,24
14789,86
14840,17
14873,88
14884,18
14954,108
14957,17
15007,104
15014,86
15029,17
15085,47
15328,42
15340,105
15374,99
15467,3
15559,88
15561,69
15567,17
15583,37
15664,3
15665,88
15671,22
15707,10
15837,71
15862,3
15882,106
15887,77
15962,24
15990,42
16107,28
16133,111
16164,21
16192,57
16222,3
31,42
42,88
61,21
66,29
86,21
193,17
220,69
235,98
364,18
417,106
495,17
538,17
909,22
949,42
1014,21
1035,84
1081,21
1144,3
1189,3
1228,54
1332,23
1343,88
1391,6
1527,3
1535,75
1584,42
1828,22
1835,17
1862,19
1883,99
2007,54
2038,106
2061,42
2064,71
2074,44
2135,42
2140,22
2147,42
2186,3
2200,88
2232,69
2243,29
2282,11
2303,99
2314,112
2410,3
2420,42
2466,69
2474,93
2506,71
2538,112
2558,42
2625,105
2641,69
2664,42
2668,18
2732,42
2785,3
2810,106
2868,105
2907,11
2941,69
2980,99
2993,69
3007,99
3216,69
3242,69
3264,84
3303,22
3427,105
3557,71
3599,42
3665,106
3728,72
3777,75
3824,69
3829,11
3884,3
4187,37
4239,42
4270,17
4278,3
4347,22
4423,29
4447,77
4480,53
4522,26
4562,23
4570,21
4620,19
4633,6
4646,88
4698,3
4704,105
4706,18
4735,42
4782,116
4840,3
4862,3
4888,17
5020,93
5305,15
5321,44
5347,39
5368,19
5374,88
5502,22
5503,3
5550,17
5657,3
5713,3
5745,19
5808,93
5832,41
5861,37
5868,75
6182,106
6209,42
6290,22
6316,19
6418,19
6422,106
6519,88
6730,42
6789,42
6935,52
6976,54
6992,19
7041,42
7240,28
7298,116
7310,3
7388,21
7404,21
7420,22
7423,29
7427,45
7447,105
7472,42
7557,26
7593,77
7661,69
7821,36
7848,69
7867,42
7902,19
8061,69
8081,42
8117,42
8203,19
8386,3
8465,28
8470,6
8483,21
8548,75
8587,42
8627,88
8857,116
8954,19
8962,22
9031,42
9038,99
9049,98
9079,42
9127,19
9132,42
9142,6
9204,42
9210,29
9214,36
9312,69
9447,6
9522,19
9624,54
9635,19
9784,88
9799,72
9897,105
9908,99
9925,37
9939,19
9953,3
9956,84
9997,106
10138,22
10145,91
10166,18
10175,26
10196,69
10253,69
10276,19
10413,21
10417,21
10430,116
10561,3
10627,69
10630,69
10661,24
10662,91
10673,3
10677,44
10715,75
10760,117
10831,28
10836,91
10988,54
10989,93
10990,100
11013,44
11031,66
11072,88
11195,71
11205,42
11299,44
11311,19
11343,17
11348,98
11361,18
11463,19
11506,3
11537,22
11541,88
11573,3
11617,99
11730,3
11814,75
11817,28
11941,98
11989,42
12010,77
12117,116
12134,3
12307,42
12328,112
12330,17
12395,19
12409,18
12422,106
12444,3
12499,15
12505,3
12519,19
12599,3
12619,111
12816,81
12837,31
12896,22
13047,19
13154,54
13199,99
13217,116
13288,36
13418,37
13489,22
13606,57
13631,19
13671,42
13679,42
13732,3
13745,21
13805,21
13850,3
13861,22
13910,36
13940,21
13955,3
14088,42
14091,3
14182,18
14195,59
14206,17
14320,88
14578,24
14626,42
14662,19
14673,17
14846,3
14856,3
14882,79
14981,35
15033,69
15152,105
15269,72
15334,106
15401,3
15406,47
15440,36
15646,21
15748,19
15753,10
15815,68
15848,42
15922,19
15936,69
15991,19
16060,22
16089,29
16106,77
16237,75
35,69
71,113
89,112
136,108
152,69
171,19
207,21
348,6
357,69
396,3
526,88
723,44
851,3
1068,42
1073,69
1162,98
1303,69
1319,19
1469,3
1693,3
1702,69
1737,3
1838,71
1954,72
1979,106
2033,42
2143,3
2255,112
2455,17
2560,88
2602,42
2706,69
2768,69
2791,18
3053,69
3204,3
3300,42
3508,21
3523,3
3547,22
3573,69
3696,88
3698,93
3732,19
3786,17
3968,99
3977,23
4079,17
4168,69
4177,99
4195,39
4201,69
4304,69
4316,17
4513,42
4529,3
4724,6
4731,61
4739,42
4759,75
4817,17
5047,24
5049,22
5056,79
5085,106
5177,69
5210,99
5268,69
5284,17
5398,42
5626,79
5685,47
5705,79
5742,91
5793,19
5830,42
5834,3
5966,19
6056,3
6073,83
6184,69
6192,54
6194,3
6232,19
6421,22
6543,93
6566,42
6568,69
6808,39
6848,99
6852,114
6927,88
6933,17
6957,105
6999,3
7028,79
7038,45
7100,3
7133,42
7181,69
7193,21
7203,6
7205,6
7316,22
7347,22
7361,21
7504,21
7555,3
7599,42
7601,6
7654,42
7675,88
7700,42
7743,79
7775,69
7813,6
7966,39
7973,42
7987,3
8047,42
8051,24
8097,72
8227,105
8310,88
8365,69
8411,93
8506,3
8517,17
8617,37
8677,99
8736,84
8804,17
8916,42
9054,42
9091,21
9100,79
9133,63
9166,44
9215,21
9248,28
9285,26
9369,77
9395,54
9409,10
9424,21
9491,99
9568,17
9572,54
9710,88
9722,3
9723,19
9778,42
9935,79
10002,42
10030,3
10062,22
10327,3
10389,69
10402,6
10472,3
10552,19
10629,18
10736,37
10797,19
10841,105
10942,79
10963,54
11046,115
11122,98
11151,15
11196,42
11200,69
11242,86
11246,99
11326,24
11338,69
11372,6
11406,21
11408,3
11427,116
11491,19
11504,72
11540,84
11557,6
11578,54
11607,69
11627,75
11794,3
11939,98
11971,116
11985,39
12012,3
12035,71
12055,21
12118,76
12140,99
12489,42
12538,19
12555,19
12565,105
12633,116
12647,21
12852,17
12902,54
13017,69
13019,42
13022,105
13151,86
13176,79
13205,108
13411,54
13481,54
13566,3
13744,99
13750,19
13876,69
13888,6
13891,3
13947,3
13982,62
13995,21
14060,98
14114,42
14118,18
14126,86
14258,37
14268,44
14272,21
14290,88
14344,29
14350,42
14450,84
14600,22
14751,69
14755,98
14998,69
15003,69
15107,42
15163,99
15193,88
15205,19
15250,99
15346,19
15347,3
15468,17
15512,18
15525,10
15609,72
15685,22
15742,17
15764,99
15926,3
16056,17
16080,45
16161,3
16227,3
1,23
94,17
132,3
185,17
391,3
608,19
794,41
855,88
1078,6
1099,93
1102,88
1129,88
1143,69
1201,99
1208,17
1273,88
1291,3
1364,26
1366,6
1606,42
1640,88
1706,6
1729,42
1932,99
2049,69
2109,47
2291,88
2377,3
2391,19
2422,42
2432,17
2519,69
2599,6
2640,3
2774,99
2805,69
2829,69
2834,69
2964,3
3074,24
3168,22
3289,69
3376,48
3513,54
3640,19
3712,3
3735,42
3812,19
3834,17
3904,106
3939,3
4008,105
4076,22
4207,3
4257,6
4272,22
4365,3
4377,36
4399,105
4508,42
4573,39
4770,21
4838,3
4887,112
4941,3
4965,67
4983,17
5028,19
5216,88
5251,86
5327,19
5345,42
5411,3
5465,21
5504,69
5623,54
5640,3
5667,69
5703,42
5884,45
6106,51
6162,42
6244,29
6249,105
6256,42
6280,22
6294,99
6401,47
6433,105
6536,54
6692,3
6699,105
6800,3
6839,86
6926,93
7072,69
7083,88
7229,37
7238,14
7356,32
7357,3
7425,42
7432,106
7487,69
7500,69
7515,17
7629,42
7715,106
7974,20
8023,17
8129,19
8138,69
8182,108
8435,3
8487,26
8524,69
8598,13
8683,42
8703,10
8734,3
8839,28
8905,19
8908,106
8918,69
8976,22
9081,112
9128,88
9219,99
9268,6
9486,42
9542,88
9587,54
9592,42
9649,69
9856,43
9859,98
9988,19
10004,105
10024,69
10105,6
10172,45
10199,42
10213,112
10227,37
10375,13
10422,22
10475,22
10515,19
10593,106
10813,19
10858,19
10987,17
10991,93
11011,6
11034,69
11066,17
11175,22
11179,3
11216,84
11268,108
11349,75
11371,26
11394,88
11497,105
11521,98
11747,106
11783,99
11995,105
12059,22
12096,88
12137,10
12206,99
12452,6
12581,0
12582,3
12623,3
12629,3
12677,86
12702,36
12715,24
12843,3
12890,99
12893,69
12897,19
12899,69
12916,11
12925,54
12954,3
12979,42
13005,3
13301,17
13456,69
13738,88
13779,29
13793,3
13862,42
14323,105
14342,69
14380,69
14417,3
14503,42
14762,26
14932,42
14977,21
15018,17
15218,69
15349,3
15405,54
15413,19
15443,29
15563,3
15673,37
15682,92
15900,21
15973,44
15983,28
16009,116
16103,88
16105,3
16140,6
99,3
122,91
126,10
367,3
381,21
425,69
469,3
617,42
654,39
691,6
724,17
737,3
867,17
969,19
1024,84
1042,42
1174,28
1306,106
1351,17
1369,54
1477,54
1548,3
1580,88
1600,106
1632,22
1776,69
1827,21
1970,18
1971,21
1987,69
2003,72
2083,112
2095,106
2097,3
2113,42
2128,3
2290,3
2527,54
2662,99
2714,17
2733,42
2879,116
2945,42
2947,19
2981,54
3003,19
3020,42
3171,99
3182,6
3238,88
3248,106
3304,24
3322,6
3386,42
3388,105
3398,19
3529,88
3628,3
3674,91
3756,3
3907,88
3955,69
3999,86
4045,39
4144,69
4171,88
4282,17
4664,3
4670,98
4780,99
4819,69
4959,79
5129,19
5218,3
5422,39
5427,3
5438,17
5531,98
5606,77
5768,3
5819,41
5835,44
5837,36
5899,88
5962,22
6024,103
6049,19
6161,44
6312,3
6334,42
6362,3
6510,88
6532,21
6594,106
6610,21
6678,77
6750,21
6851,71
6881,19
6963,56
7301,19
7365,42
7400,24
7448,24
7592,22
7751,3
7767,105
7943,54
7975,22
8110,19
8113,3
8162,69
8239,39
8274,42
8300,108
8317,42
8320,17
8380,3
8520,29
8597,3
8603,17
8622,108
8656,6
8732,69
8753,6
8882,86
8959,40
8967,24
8969,3
8991,42
9036,37
9057,42
9117,17
9140,19
9325,71
9336,72
9405,42
9435,98
9463,17
9480,21
9485,21
9526,98
9571,18
9603,91
9716,19
9767,112
9769,91
9843,28
9885,42
9923,24
10025,112
10027,106
10039,18
10131,69
10179,6
10218,69
10248,3
10278,84
10314,44
10365,3
10388,28
10467,105
10494,3
10506,24
10684,69
10729,46
10739,3
10751,54
10753,6
10830,42
10852,19
10937,19
10975,105
11002,21
11075,86
11087,19
11112,112
11186,6
11223,44
11455,42
11457,19
11473,17
11612,28
11673,54
11720,99
11862,54
11878,116
11926,42
11976,19
12090,3
12153,3
12251,108
12305,109
12360,84
12398,99
12490,88
12502,22
12579,99
12648,3
12752,99
12775,6
12819,17
12948,3
13080,88
13086,42
13145,88
13269,86
13349,69
13364,17
13629,54
13662,79
13692,18
13849,42
13882,19
14002,42
14032,84
14117,19
14149,3
14154,18
14220,22
14222,99
14241,112
14270,6
14298,88
14334,22
14357,26
14418,6
14467,3
14747,75
14812,43
14930,82
14960,44
14994,42
15135,69
15147,19
15186,54
15377,42
15424,79
15507,88
15540,17
15585,3
15667,3
15679,19
15727,22
15743,72
15754,6
15821,54
16049,79
16132,72
16197,72
16228,3
16231,69
16232,69
