16294,4705,13731,4517,13590,3429,9305,5067,12646,
16319,11456,10801,15707,320,
16920,2577,13491,8647,908,13809,9294,
16988,13409,14492,14957,10759,
17141,2197,8394,4850,1719,
17197,13994,12228,
17226,7089,9372,8956,3942,
17278,12149,7542,
17412,9264,13941,
17538,7353,9330,19,1452,14714,
17762,11858,1380,5655,
18065,16107,3070,6755,6054,
18067,6794,16164,5642,6599,
18451,2796,9812,10005,9573,
18577,5209,13237,1025,
18947,13042,13262,10366,
18963,2833,5734,14230,10667,6685,733,
19061,10851,1923,15559,
19143,14072,5352,12277,
19178,5309,12070,
19189,2072,1473,7501,1137,
19301,312,3331,4728,9196,10362,1963,3276,9581,5758,
19359,15665,9559,
19557,14274,
19643,7595,10700,
19710,11094,5167,
19736,14632,
19788,1157,
19862,2498,13509,8313,9689,8714,911,15567,
19929,1952,9791,
19999,4172,8788,189,
20079,11152,7009,6718,11017,11404,5598,
20223,3348,
20441,5200,5012,13573,
20485,11864,15467,5692,15374,3807,
20493,12800,14385,1040,15671,8647,5905,
20530,7144,10449,2429,
20531,13058,16133,9815,
20610,13480,12331,2429,6507,15837,
20710,5301,
20964,3452,2882,13527,588,13087,
21010,7716,11365,382,9645,
21221,14873,
21285,1178,2629,
21389,809,982,5231,
21461,6768,14683,
21507,8009,3306,
21617,5633,4628,3237,3896,14521,13406,15029,
21875,3456,14212,15862,1192,13691,1100,3006,
21914,11618,
22037,10184,15962,
22204,5462,
22266,6661,5117,5743,
22328,9244,7862,
22489,1940,
22696,954,8293,
22755,5424,12784,11478,12463,
22791,6131,15014,11097,14700,11404,1679,
23327,1426,3692,14386,
23332,2264,6579,
23487,11376,3023,
23610,13825,6636,14957,5590,
23729,3531,11365,
23820,841,10181,5463,
23873,10764,
23966,16192,
24210,1815,3237,13539,14884,4517,4161,12071,15328,15583,4791,6469,
24244,10653,382,6327,
24254,7536,12464,3990,4518,
24350,11629,
24458,15887,
24570,16133,519,
25004,12787,1940,14789,662,3208,9227,12092,13037,9573,
25198,15664,7585,3268,5702,4014,
25381,10609,9277,6822,14093,
25476,11715,15990,4057,7546,652,12666,
25501,4880,745,7418,11189,
25732,12832,11456,2355,11267,7688,
25908,12131,14194,8331,14485,1711,
25941,12106,5679,
26318,2818,3347,13316,1029,1866,907,13246,4223,
26389,15561,14954,13157,10358,10893,
26778,13426,2355,7142,11230,
26827,1555,14515,4006,2055,2745,4604,
27410,10734,911,
27753,3424,932,548,6172,5981,11453,
27873,4839,
28009,7912,8211,5654,11478,
28028,8577,13426,1940,885,
28104,7679,12961,6435,3148,847,
28106,2748,
28296,13409,11782,10759,
28414,14000,13150,13334,
28433,8489,1178,8180,
28914,3961,7595,10653,9606,2965,
29182,6665,14957,8852,15085,10085,
29695,11478,
29900,8488,11812,14231,12632,7118,15007,
30142,2801,14363,
30362,7514,1708,10822,
30490,8577,1426,
30638,10156,
30934,6685,6830,
31140,2360,12033,10564,8372,
31238,547,6907,3124,548,9835,12205,
31356,14385,8482,13252,10198,6497,15882,7994,6322,
31371,11715,5758,3331,1475,8637,16222,
31436,14840,13058,5734,3495,7944,13239,10446,
31755,3633,9077,4405,2349,1870,8157,
31817,7564,12317,
31976,2786,10118,
32988,5096,9396,11651,15340,
33125,2833,13703,
33423,12353,5012,4902,
33636,560,9787,11275,3277,8403,
33656,9553,8398,7595,11596,382,975,
34156,12345,11698,11677,
34168,12344,8730,9629,
16892,3961,15815,
17032,14320,7142,8483,7557,10366,
17107,560,2243,9956,11013,1883,7310,5503,
17223,14673,2147,13491,11478,3777,10627,
17311,11152,11817,5598,
17461,10145,11348,8465,
17917,8081,5347,3884,8470,
18059,7298,8398,
18091,13671,
18114,1332,11814,
18155,9049,12444,
18314,8203,
18377,15936,15922,6730,7661,
18478,5424,495,11343,
18492,5020,16133,
18598,3427,5861,
18665,1584,11617,5321,
18759,2664,235,
18933,2232,2506,4270,14206,
18961,14856,2264,3665,
18993,2074,
19185,16192,16237,4278,4423,
19282,652,
19559,538,8180,10677,2474,10175,
19714,14632,7593,12010,3242,
19859,15753,9522,13334,
19933,12816,2810,10156,12422,
19982,6935,
20015,15340,15269,10630,
20163,13047,10276,2941,11463,
20250,4480,
20471,3216,14578,
20532,11195,
20808,4888,16106,1835,
20932,10667,1189,15671,
20951,7427,16133,15406,
20961,2785,2355,11230,
20967,12505,9939,
20998,193,
21182,2498,12395,
21225,2410,5463,
21328,7912,5550,
21444,10661,10662,
21457,9897,11730,13955,8548,6418,
21459,12619,13509,14231,
21628,3824,10138,6830,6519,
21847,6182,86,10760,15401,9997,5502,
22172,13217,7427,12117,
22403,2993,2466,8061,2641,3007,
22570,15561,15962,2980,1535,
22589,4447,
22697,8962,2303,
22813,2282,13861,12330,9031,
22912,10627,2140,11230,
22944,16060,
22948,11152,2907,
22952,4840,5657,15848,15646,
22984,9624,11989,2558,
23047,11072,7041,14212,
23056,2064,3557,
23542,7240,5713,12307,9142,10417,
23636,1228,8386,7595,2748,
23740,9244,66,7388,
23980,12837,
24045,4562,10166,1527,11097,364,4239,
24092,13288,11361,10836,9204,
24246,6907,548,5305,9835,12205,10253,
24334,6794,13910,15007,
24923,3777,15007,
24943,949,10413,7423,
24958,11376,
25000,6976,1940,2314,12787,1828,
25144,9210,9127,
25147,11506,
25424,417,13732,9214,
25659,9312,7089,4706,10561,8954,8956,14882,
25862,5209,13426,
26041,12896,1144,4704,2668,12328,
26348,7472,2420,9908,10196,6209,5368,1081,12519,5868,10989,
26385,2200,8398,10990,12599,
26403,6789,6422,2007,
26404,1940,2061,6422,909,
26407,14088,10627,11941,14846,
26518,42,6316,11205,13679,
26595,2625,11541,4646,
26652,11299,15374,9635,11573,12134,
27423,3268,4782,15991,
27619,220,
27766,4570,8587,2965,1343,
27884,5808,4633,4862,
28058,15440,7848,6794,15334,
28186,4620,13606,1862,
28281,10673,
28380,8372,4522,10988,
28452,14626,12499,9447,15033,13418,1035,13631,
28825,15467,8627,382,
29069,13154,7867,10990,975,
29093,3728,9784,8627,1940,
29177,6992,13940,3829,8488,16089,15583,
29583,11152,11537,5832,4698,9132,13199,
30334,2868,11989,2038,10831,7420,14981,
31759,1555,2965,2745,14091,6830,15887,
31809,8857,15748,10430,
31877,8577,2186,10715,9079,
32587,2538,14195,8470,
32694,5745,1391,9953,2577,11311,4735,61,9038,5679,
32913,15152,9997,8117,
33385,3264,13489,5374,13850,1963,13805,5758,3599,
33413,13745,6290,4347,
33450,12409,14385,2868,12599,7404,4604,
33470,7821,1014,
33640,1952,9925,14662,14182,9799,9997,
33662,11031,
33888,3728,7902,3303,
34067,31,2732,7447,
34253,4187,2135,
16665,14385,3023,11031,
16719,11578,9132,
16889,14632,7675,9812,
17075,15250,13205,10327,89,12555,9372,14751,
17258,15609,2810,
17437,13481,10667,7595,9054,8647,
17474,2033,548,1737,
17686,723,8517,5462,
18183,14272,10402,3508,9778,
18201,11504,1380,12565,1303,
18246,12816,14290,14755,16164,4739,851,13995,
18380,152,11017,4316,7038,
18509,15347,
18558,7205,
18607,2868,
18673,1380,11046,
18690,15193,9710,6927,
18711,7601,5047,
19074,15567,
19155,4529,15107,1702,
19249,11629,
19326,5832,4201,12538,1319,
19416,13409,7987,11230,14118,
19543,13876,3807,
20157,11242,15163,9645,11406,
20258,14600,1954,5685,
20346,1380,6421,7902,9791,
20442,15685,9166,
20535,1073,11985,71,
20538,2232,3557,
20540,10760,2429,15205,
20887,6808,2064,4195,3573,7966,
21110,2560,8310,
21140,3698,
21311,8310,
21506,13176,
21851,4513,8365,5177,
21873,6848,35,
22115,4759,357,1679,
22410,11971,12118,6933,14118,15671,
22461,9248,3977,8211,4079,
22590,11372,
22654,9722,11627,15926,11607,
22908,723,11230,9215,
23243,5020,11540,14182,
23252,5705,10673,
23702,12055,3300,9031,5012,12647,9133,5966,548,
23807,7193,7361,9285,4177,3023,
23890,9424,3696,7203,
23918,6184,15468,7775,
23919,8403,8804,15525,
23979,5085,10990,
24231,13411,
24367,6232,14840,2706,15742,13566,
25597,13888,7316,1693,
25654,7089,5626,7028,
25935,6999,14268,8047,207,
26055,7654,12902,7973,
26145,9409,1979,14093,11557,
26282,5793,12035,10797,1838,
26401,6192,13891,3547,9723,
26485,16080,11200,14344,6073,12010,5020,526,
26486,10472,12489,14195,
26557,8097,5347,8227,1473,136,7388,909,14350,9778,3523,5301,5398,5655,11196,13022,
26615,12012,10661,
26648,11858,14981,
26724,14485,2455,
26853,7700,13982,
26945,16161,14258,11326,13750,
26974,3424,7595,11596,382,975,
27034,15003,3732,
27328,5056,7472,4168,12140,2349,11246,7181,2768,9491,10389,8061,3007,
27408,15962,
27506,3348,4731,2868,6566,2038,
27603,9568,4817,171,12852,9689,2907,
27642,11427,7813,10062,
27742,2143,
27762,12633,11989,5830,
27824,13888,
27966,4698,
28021,6056,13017,9787,
28049,8051,5284,8411,6543,
28062,3547,8916,2038,
28196,16060,7100,4724,11989,
28206,7599,9294,1679,
28237,193,11794,13947,7133,13151,
28455,13744,7347,5049,5321,1068,382,
28875,5352,1737,12499,7743,
28961,8736,14114,3786,
28962,5209,1162,13019,11122,10653,
28965,5209,396,10629,
29245,1228,
29408,10736,11939,6852,6755,5210,3007,
30630,2791,
31106,9100,9091,15764,4347,
31185,8617,14126,
31258,14450,9572,909,8506,9935,10002,10942,3053,
31422,11338,8627,5268,7813,11151,
31506,5633,6194,2602,3429,2264,5834,5742,10030,
31716,11491,9054,
31900,16227,5012,
32009,7504,9395,14060,14998,
32052,5012,
32070,10552,4304,10963,348,
32114,11152,14673,3204,10760,12330,15340,
32236,8677,
32966,11408,15512,652,
33200,1178,4239,6957,11046,12599,
33310,3968,15346,3124,2965,16056,10841,3007,
33348,8081,5209,5047,
33688,6568,7038,2255,
33856,9369,7555,909,1469,
33902,2506,
16268,11747,6692,4278,5640,1706,4365,13005,
16358,5411,1366,13910,11175,7500,15561,15563,16140,2829,7357,
16930,3513,5251,2791,15673,
17276,6162,15973,1143,7353,14846,207,
17932,9128,5209,2980,7501,8905,
17961,1099,
18057,12954,11349,
18101,2560,4840,15018,
18325,10858,
18454,10760,1143,
18550,11152,3074,132,13509,4838,8839,9054,
18554,11817,2868,2055,
18580,15218,5667,
18672,1291,2786,7515,2941,
18828,6054,
19265,12619,2519,
19297,4272,10362,
19349,1,5028,13793,
19438,7072,15405,
19466,11618,16227,1380,15559,
19664,8804,10199,
19794,10172,15085,
19849,1157,8524,11034,207,5884,2965,
19985,4604,
20016,12137,14755,12452,
20099,10988,12422,
20121,10515,15349,8918,855,13738,16103,
20144,2264,11521,2506,4965,1679,
20145,8081,2506,5327,
20318,9128,16009,14762,5347,5734,
20529,10024,12897,10227,9988,
20928,3216,2640,3148,12677,13334,
20999,9856,7238,
21033,8487,
21067,1201,12623,
21169,2291,8310,1129,1640,10105,13738,7083,
21385,11995,391,
21396,8976,6249,
21652,3289,
21675,10156,14230,11230,
22162,10673,14290,5462,
22321,9244,11618,12916,
22615,193,
22699,5504,3939,
22757,1201,
22884,9166,12033,13941,5598,
22926,11497,4076,2774,8804,
23190,4880,1014,9166,13862,
23191,14274,11995,9166,
23527,14323,1364,1606,6935,6536,8703,
23554,2805,3735,
23652,10760,13301,9133,
23653,8386,8908,10422,
23663,2640,7601,851,9486,14977,
23787,11408,9592,11371,10988,8617,
23846,13456,16105,12131,
23936,8598,10375,
23988,3904,4177,61,1391,9953,5745,11311,6433,9038,5679,
24071,14195,3812,13910,6839,3834,7629,15983,
24097,1273,794,10667,975,
24233,7432,13779,4365,10990,
24252,6073,15029,
24323,4573,7487,
24335,12890,12899,
24495,6256,11404,10138,8372,14662,
24758,10593,15443,1068,9409,
24762,12059,10475,9542,2391,
24813,13809,9219,9285,2774,
25201,8138,1932,12925,5703,
25270,4008,12843,2140,
25345,2264,6685,10175,
25358,1729,
25379,12916,
25437,16107,
25668,9330,14093,
26216,8182,4887,4728,9081,12893,10175,
26241,9649,2868,12206,15609,
26440,2810,7356,7229,6957,
26449,12096,5216,2834,15413,3640,1102,
26571,9522,
26592,6755,1078,11783,
26662,6073,15029,
27016,6401,11066,2109,
27462,1952,6106,7715,12629,
27560,15707,11011,
27782,3961,8487,5655,
28006,4377,9244,14673,
28125,2377,
28382,8683,10987,
28843,3376,5345,11268,2558,14932,
28853,12452,14212,9997,
28942,8023,4399,
29300,5209,11629,9054,
29435,11456,
29795,8734,3070,10991,
30401,13426,9587,2038,14342,
30402,11394,12666,
30403,13489,7564,
30464,5623,
30576,2243,
30861,185,2049,6933,6926,4983,
31124,3376,8627,11371,10213,
31406,11216,4257,9395,13861,11939,6699,4941,15007,
31542,10475,12582,10175,
31657,3712,8435,6692,11179,8637,7133,
31692,5424,12715,
31757,4770,12979,8470,9369,10715,10813,
31987,14673,15682,10004,12581,6280,12205,6718,
32051,10227,3977,15900,10667,4620,4207,
32120,6800,8129,94,
32190,7425,9859,
32528,2432,7203,6244,6294,13481,15609,2748,9645,12702,
32658,608,
33198,1208,11971,8734,7974,911,
33295,3168,
33396,14417,4508,5251,14380,2422,
33454,9268,2965,14126,
33497,11504,3977,5465,8647,
33601,9722,11596,14503,
33701,3424,193,2964,11478,2599,1178,13151,
34054,14272,
34248,12317,
16340,4201,2980,1174,9526,
16516,11348,10175,11720,13882,15163,8991,
16564,14272,9369,7592,2095,
16865,10937,89,12502,11223,
16975,7133,9294,
17287,3712,3529,11747,
17310,4272,9843,
17333,4195,9325,4045,
17512,15609,12819,4819,8239,
17576,15424,2945,
17588,6161,6322,5531,
17901,10145,6963,
17931,10684,10830,3398,
18260,11473,11075,14182,8969,1306,10475,3148,5438,
18386,12131,10025,12090,13539,14960,
18428,11097,1970,10027,14220,15334,
18456,11066,
18516,12490,3907,
18599,10753,2007,
18627,11976,9336,6830,
18891,1827,2981,7447,
19058,5424,381,
19166,8320,724,1351,
19231,5830,1679,
19322,8627,
19379,15679,
19507,1952,10988,5020,
19575,9856,6162,13994,10653,
19634,10248,12916,654,
19663,11497,11242,9923,
19814,13237,15014,15085,
19831,13481,10402,4239,8882,11031,
19971,9812,
19973,12033,14274,14812,5598,
20005,13349,
20017,14154,15340,10365,
20051,2947,5606,
20067,9264,11504,11989,10278,
20100,11941,9767,1737,1162,6106,13861,
21136,2560,15753,
21143,5899,1580,
21423,14662,
21428,425,9435,5284,16228,
21593,9791,
21642,15135,10218,15147,15743,
21650,1452,1035,10196,
21748,7675,
21929,1144,
21979,12395,3348,
22150,9571,1987,10039,
22177,5768,16161,11186,11939,2868,
22187,14467,1332,
22316,1600,99,1042,1971,14212,
22320,10314,16227,6852,
22329,8520,12137,
22474,7400,15377,8603,12775,
22585,16049,8162,3171,9140,10196,2879,3124,
22675,5321,
22829,4664,8577,10475,14212,6334,
22864,6049,11404,13509,10085,
22994,10552,10963,14270,11862,11087,
22997,2003,11629,7751,
22998,14032,9769,
23087,10729,12890,8916,11230,
23126,12353,1548,11989,
23178,6594,5819,
23186,3304,13732,122,2868,10138,
23270,8211,10975,3999,
23364,13288,5531,15334,
23381,14981,15821,
23417,13019,16132,7767,
23427,1776,9405,
23697,3248,11651,8372,2474,9835,7388,8317,6718,15085,
23823,12251,12948,
23861,10760,1369,12395,11989,12422,
23952,66,6852,2791,3322,16231,9885,12205,
24028,4880,14241,10179,
24369,16107,11651,31,
25080,1632,737,11478,7601,12715,10156,
25318,9057,9603,6750,15585,11673,3388,9038,
25402,8656,11794,10467,10751,8732,15727,
25407,9091,4347,
25458,4144,3756,15540,7301,3238,13145,9036,
25660,7089,14117,13662,
25691,15673,14683,11926,
25696,6568,13692,10831,
25702,16232,15186,2474,
25768,7751,
25980,12499,31,
26070,12090,2083,8300,6678,
26246,9248,15107,
26650,7448,11794,1932,2714,
26651,6881,14994,2243,12360,12153,3020,2733,
26693,6024,15815,
26877,12305,11858,
26906,13154,13629,10990,
27061,9409,9091,3303,3003,10494,13199,
27097,13080,14002,6532,367,
27166,2290,3074,3939,8380,13426,
27524,12800,867,691,14088,13882,4171,14298,
27953,185,2109,
28057,8969,1178,469,9215,
28061,5808,5835,
28102,12648,10739,9485,8959,
28183,11457,10131,9716,9908,6362,4780,31,
28328,8113,15682,5251,16197,
28676,3182,10627,7501,11878,6957,
28859,15667,5427,14149,12422,5020,11612,733,
28866,14290,
28896,3148,6421,911,
28900,5268,
28907,3248,4698,1883,
28913,7848,4517,1014,9480,2140,9997,8622,
28929,2128,2113,5284,7365,12398,
28934,14000,14222,
28940,4959,7943,10852,1477,2527,
28941,12131,4759,4207,15671,
28943,14385,8483,2097,15671,4522,15754,8110,
29086,11112,6794,13269,
29179,3376,3424,3961,1291,12140,1679,
29180,10667,
29325,12961,3386,13042,14126,
29870,8969,15962,8274,6510,
30377,3968,15346,3124,13849,10841,4670,
30535,8081,9330,12228,5321,3977,4670,
30544,3529,14418,11002,2662,
30975,12816,4862,7975,
31010,16009,6610,10388,3674,9038,
31112,13086,
31191,12633,7388,6957,14846,15029,
31368,3955,9057,9587,969,
31373,5129,10506,
31480,8489,
31613,4282,
31762,2143,
31822,14212,126,
31894,14060,723,4724,469,
32073,3628,8967,
32419,10179,14385,14195,2868,5209,8839,3348,14762,9645,15374,
32437,16192,1201,2882,6312,12579,
33193,1024,9117,14334,9215,
33218,652,
33224,6851,13364,5422,
33388,11537,10004,8597,12071,1081,5962,8398,11455,
33639,9424,12752,6852,14747,11455,15727,
33663,9463,
33868,5218,9268,3006,8647,
34153,15507,14231,9100,381,14334,5837,
34209,11617,14323,8753,1273,617,14357,
34252,14930,12317,
19,17538,
189,19999,
312,19301,
320,16319,
382,21010,24244,28455,33656,28825,26974,
519,24570,
547,31238,
548,27753,17474,24246,23702,31238,
560,17107,33636,
588,20964,
652,19282,25476,33218,32966,
662,25004,
733,18963,28859,
745,25501,
809,21389,
841,23820,
847,28104,
885,28028,
907,26318,
908,16920,
911,28896,27410,33198,19862,
932,27753,
954,22696,
975,33656,24097,29069,26974,
982,21389,
1025,18577,
1029,26318,
1040,20493,
1100,21875,
1137,19189,
1157,19849,19788,
1178,33200,28057,21285,33701,28433,
1192,21875,
1380,18201,17762,20346,19466,18673,
1426,30490,23327,
1452,17538,21650,
1473,19189,26557,
1475,31371,
1555,26827,31759,
1679,20144,22115,22791,29179,28206,19231,
1708,30362,
1711,25908,
1719,17141,
1815,24210,
1866,26318,
1870,31755,
1923,19061,
1940,26404,29093,25000,22489,25004,28028,
1952,33640,19929,19507,27462,
1963,33385,19301,
2055,18554,26827,
2072,19189,
2197,17141,
2264,20144,18961,31506,23332,25345,
2349,27328,31755,
2355,20961,26778,25732,
2360,31140,
2429,20530,20540,20610,
2498,21182,19862,
2577,16920,32694,
2629,21285,
2745,26827,31759,
2748,32528,28106,23636,
2786,18672,31976,
2796,18451,
2801,30142,
2818,26318,
2833,18963,33125,
2882,20964,32437,
2965,28914,33454,27766,19849,33310,31759,
3006,21875,33868,
3023,16665,23807,23487,
3070,18065,29795,
3124,22585,33310,31238,30377,
3148,20928,28104,18260,28896,
3208,25004,
3237,21617,24210,
3268,25198,27423,
3276,19301,
3277,33636,
3306,21507,
3331,31371,19301,
3347,26318,
3348,27506,21979,32419,20223,
3424,27753,29179,33701,26974,
3429,31506,16294,
3452,20964,
3456,21875,
3495,31436,
3531,23729,
3633,31755,
3692,23327,
3807,20485,19543,
3896,21617,
3942,17226,
3961,28914,29179,16892,27782,
3990,24254,
4006,26827,
4014,25198,
4057,25476,
4161,24210,
4172,19999,
4223,26318,
4405,31755,
4517,28913,24210,16294,
4518,24254,
4604,19985,33450,26827,
4628,21617,
4705,16294,
4728,26216,19301,
4791,24210,
4839,27873,
4850,17141,
4880,24028,25501,23190,
4902,33423,
5012,20441,33423,31900,23702,32052,
5067,16294,
5096,32988,
5117,22266,
5167,19710,
5200,20441,
5209,18577,28962,32419,29300,28965,25862,33348,17932,
5231,21389,
5301,26557,20710,
5309,19178,
5352,28875,19143,
5424,19058,22755,31692,18478,
5462,22162,22204,17686,
5463,21225,23820,
5590,23610,
5598,20079,22884,19973,17311,
5633,21617,31506,
5642,18067,
5654,28009,
5655,17762,26557,27782,
5679,23988,25941,32694,
5692,20485,
5702,25198,
5734,18963,31436,20318,
5743,22266,
5758,33385,31371,19301,
5905,20493,
5981,27753,
6054,18065,18828,
6131,22791,
6172,27753,
6322,31356,17588,
6327,24244,
6435,28104,
6469,24210,
6497,31356,
6507,20610,
6579,23332,
6599,18067,
6636,23610,
6661,22266,
6665,29182,
6685,25345,18963,30934,
6718,23697,31987,20079,
6755,26592,18065,29408,
6768,21461,
6794,28058,18067,29086,24334,
6822,25381,
6830,18627,21628,30934,31759,
6907,31238,24246,
7009,20079,
7089,17226,25659,25660,25654,
7118,29900,
7142,17032,26778,
7144,20530,
7353,17538,17276,
7418,25501,
7501,28676,17932,19189,
7514,30362,
7536,24254,
7542,17278,
7546,25476,
7564,31817,30403,
7585,25198,
7595,28914,23636,33656,19643,17437,26974,
7679,28104,
7688,25732,
7716,21010,
7862,22328,
7912,21328,28009,
7944,31436,
7994,31356,
8009,21507,
8157,31755,
8180,28433,19559,
8211,28009,22461,23270,
8293,22696,
8313,19862,
8331,25908,
8372,23697,31140,28380,24495,
8394,17141,
8398,33656,26385,18059,33388,
8403,33636,23919,
8482,31356,
8488,29177,29900,
8489,31480,28433,
8577,30490,28028,22829,31877,
8637,31657,31371,
8647,16920,33497,33868,17437,20493,
8714,19862,
8730,34168,
8788,19999,
8852,29182,
8956,17226,25659,
9077,31755,
9196,19301,
9227,25004,
9244,22328,22321,23740,28006,
9264,20067,17412,
9277,25381,
9294,16920,28206,16975,
9305,16294,
9330,17538,25668,30535,
9372,17226,17075,
9396,32988,
9553,33656,
9559,19359,
9573,18451,25004,
9581,19301,
9606,28914,
9629,34168,
9645,32528,21010,32419,20157,
9689,27603,19862,
9787,33636,28021,
9791,19929,20346,21593,
9812,19971,16889,18451,
9815,20531,
9835,23697,31238,24246,
10005,18451,
10085,22864,29182,
10118,31976,
10156,25080,21675,19933,30638,
10181,23820,
10184,22037,
10198,31356,
10358,26389,
10362,19297,19301,
10366,17032,18947,
10446,31436,
10449,20530,
10564,31140,
10609,25381,
10653,28914,24244,28962,19575,
10667,24097,18963,20932,32051,29180,17437,
10700,19643,
10734,27410,
10759,28296,16988,
10764,23873,
10801,16319,
10822,30362,
10851,19061,
10893,26389,
11017,18380,20079,
11094,19710,
11097,18428,24045,22791,
11152,32114,22948,17311,18550,20079,29583,
11189,25501,
11230,22912,20961,19416,26778,21675,22908,23087,
11267,25732,
11275,33636,
11365,23729,21010,
11376,24958,23487,
11404,22864,22791,24495,20079,
11453,27753,
11456,29435,25732,16319,
11478,22755,33701,17223,25080,28009,29695,
11596,33656,33601,26974,
11618,22321,19466,21914,
11629,19249,29300,22997,24350,
11651,23697,32988,24369,
11677,34156,
11698,34156,
11715,31371,25476,
11782,28296,
11812,29900,
11858,26648,17762,26877,
11864,20485,
12033,31140,22884,19973,
12070,19178,
12071,24210,33388,
12092,25004,
12106,25941,
12131,18386,25908,28941,23846,
12149,17278,
12205,23952,31987,31238,24246,
12228,17197,30535,
12277,19143,
12317,34248,31817,34252,
12331,20610,
12344,34168,
12345,34156,
12353,23126,33423,
12463,22755,
12464,24254,
12632,29900,
12646,16294,
12666,30402,25476,
12784,22755,
12787,25000,25004,
12800,27524,20493,
12832,25732,
12961,28104,29325,
13037,25004,
13042,18947,29325,
13058,20531,31436,
13087,20964,
13150,28414,
13157,26389,
13237,18577,19814,
13239,31436,
13246,26318,
13252,31356,
13262,18947,
13316,26318,
13334,20928,19859,28414,
13406,21617,
13409,19416,28296,16988,
13426,30401,26778,28028,27166,25862,
13480,20610,
13491,16920,17223,
13509,22864,21459,19862,18550,
13527,20964,
13539,18386,24210,
13573,20441,
13590,16294,
13691,21875,
13703,33125,
13731,16294,
13809,16920,24813,
13825,23610,
13941,22884,17412,
13994,17197,19575,
14000,28934,28414,
14072,19143,
14093,26145,25668,25381,
14194,25908,
14212,21875,28853,23047,22316,22829,31822,
14230,18963,21675,
14231,34153,21459,29900,
14274,23191,19557,19973,
14363,30142,
14385,32419,16665,33450,31356,20493,28943,
14386,23327,
14485,26724,25908,
14492,16988,
14515,26827,
14521,21617,
14632,19736,16889,19714,
14683,25691,21461,
14700,22791,
14714,17538,
14789,25004,
14840,31436,24367,
14873,21221,
14884,24210,
14954,26389,
14957,23610,16988,29182,
15007,24923,29900,31406,24334,
15014,19814,22791,
15029,21617,24252,26662,31191,
15085,23697,19794,29182,19814,
15328,24210,
15340,20017,32114,32988,20015,
15374,32419,26652,20485,
15467,28825,20485,
15559,19466,19061,
15561,22570,26389,16358,
15567,19074,19862,
15583,29177,24210,
15664,25198,
15665,19359,
15671,22410,28943,20932,20493,28941,
15707,27560,16319,
15837,20610,
15862,21875,
15882,31356,
15887,24458,31759,
15962,27408,22570,22037,29870,
15990,25476,
16107,18065,25437,24369,
16133,24570,20531,18492,20951,
16164,18067,18246,
16192,19185,32437,23966,
16222,31371,
31,24369,34067,25980,28183,
42,26518,
61,23988,32694,
66,23952,23740,
86,21847,
193,33701,28237,20998,22615,
220,27619,
235,18759,
364,24045,
417,25424,
495,18478,
538,19559,
909,33856,31258,26404,26557,
949,24943,
1014,28913,33470,23190,
1035,21650,28452,
1081,33388,26348,
1144,21929,26041,
1189,20932,
1228,23636,29245,
1332,18114,22187,
1343,27766,
1391,23988,32694,
1527,24045,
1535,22570,
1584,18665,
1828,25000,
1835,20808,
1862,28186,
1883,17107,28907,
2007,26403,18599,
2038,30401,27506,30334,28062,
2061,26404,
2064,23056,20887,
2074,18993,
2135,34253,
2140,22912,28913,25270,
2147,17223,
2186,31877,
2200,26385,
2232,20538,18933,
2243,26651,30576,17107,
2282,22813,
2303,22697,
2314,25000,
2410,21225,
2420,26348,
2466,22403,
2474,23697,25702,19559,
2506,20144,20145,18933,33902,
2538,32587,
2558,22984,28843,
2625,26595,
2641,22403,
2664,18759,
2668,26041,
2732,34067,
2785,20961,
2810,26440,17258,19933,
2868,26241,23186,32419,33450,22177,18554,27506,30334,18607,
2907,27603,22948,
2941,18672,20163,
2980,17932,22570,16340,
2993,22403,
3007,27328,29408,22403,33310,
3216,20928,20471,
3242,19714,
3264,33385,
3303,33888,27061,
3427,18598,
3557,23056,20538,
3599,33385,
3665,18961,
3728,33888,29093,
3777,24923,17223,
3824,21628,
3829,29177,
3884,17917,
4187,34253,
4239,33200,24045,19831,
4270,18933,
4278,19185,16268,
4347,31106,33413,25407,
4423,19185,
4447,22589,
4480,20250,
4522,28380,28943,
4562,24045,
4570,27766,
4620,28186,32051,
4633,27884,
4646,26595,
4698,28907,27966,29583,
4704,26041,
4706,25659,
4735,32694,
4782,27423,
4840,22952,18101,
4862,27884,30975,
4888,20808,
5020,19507,18492,26485,23243,28859,
5305,24246,
5321,18665,30535,22675,28455,
5347,17917,20318,26557,
5368,26348,
5374,33385,
5502,21847,
5503,17107,
5550,21328,
5657,22952,
5713,23542,
5745,23988,32694,
5808,27884,28061,
5832,19326,29583,
5861,18598,
5868,26348,
6182,21847,
6209,26348,
6290,33413,
6316,26518,
6418,21457,
6422,26403,26404,
6519,21628,
6730,18377,
6789,26403,
6935,19982,23527,
6976,25000,
6992,29177,
7041,23047,
7240,23542,
7298,18059,
7310,17107,
7388,23697,23740,26557,31191,
7404,33450,
7420,30334,
7423,24943,
7427,22172,20951,
7447,34067,18891,
7472,27328,26348,
7557,17032,
7593,19714,
7661,18377,
7821,33470,
7848,28913,28058,
7867,29069,
7902,33888,20346,
8061,27328,22403,
8081,20145,33348,17917,30535,
8117,32913,
8203,18314,
8386,23636,23653,
8465,17461,
8470,32587,17917,31757,
8483,17032,28943,
8548,21457,
8587,27766,
8627,28825,19322,31124,29093,31422,
8857,31809,
8954,25659,
8962,22697,
9031,22813,23702,
9038,31010,23988,32694,25318,
9049,18155,
9079,31877,
9127,25144,
9132,29583,16719,
9142,23542,
9204,24092,
9210,25144,
9214,25424,
9312,25659,
9447,28452,
9522,19859,26571,
9624,22984,
9635,26652,
9784,29093,
9799,33640,
9897,21457,
9908,26348,28183,
9925,33640,
9939,20967,
9953,23988,32694,
9956,17107,
9997,32913,28913,28853,33640,21847,
10138,23186,21628,24495,
10145,17461,17901,
10166,24045,
10175,26216,25345,16516,31542,19559,
10196,22585,21650,26348,
10253,24246,
10276,20163,
10413,24943,
10417,23542,
10430,31809,
10561,25659,
10627,22912,26407,28676,17223,
10630,20015,
10661,21444,26615,
10662,21444,
10673,28281,22162,23252,
10677,19559,
10715,31757,31877,
10760,32114,23652,23861,18454,21847,20540,
10831,25696,30334,
10836,24092,
10988,28380,19507,20099,23787,
10989,26348,
10990,24233,26906,23979,29069,26385,
11013,17107,
11031,16665,33662,19831,
11072,23047,
11195,20532,
11205,26518,
11299,26652,
11311,23988,32694,
11343,18478,
11348,16516,17461,
11361,24092,
11463,20163,
11506,25147,
11537,33388,29583,
11541,26595,
11573,26652,
11617,18665,34209,
11730,21457,
11814,18114,
11817,18554,17311,
11941,20100,26407,
11989,27762,20067,28196,23861,23126,22984,30334,
12010,19714,26485,
12117,22172,
12134,26652,
12307,23542,
12328,26041,
12330,32114,22813,
12395,21979,23861,21182,
12409,33450,
12422,20099,19933,28859,23861,
12444,18155,
12499,28452,28875,25980,
12505,20967,
12519,26348,
12599,33200,26385,33450,
12619,19265,21459,
12816,19933,18246,30975,
12837,23980,
12896,26041,
13047,20163,
13154,26906,29069,
13199,27061,29583,
13217,22172,
13288,24092,23364,
13418,28452,
13489,33385,30403,
13606,28186,
13631,28452,
13671,18091,
13679,26518,
13732,25424,23186,
13745,33413,
13805,33385,
13850,33385,
13861,20100,22813,31406,
13910,24334,16358,24071,
13940,29177,
13955,21457,
14088,27524,26407,
14091,31759,
14182,33640,23243,18260,
14195,32587,32419,26486,24071,
14206,18933,
14320,17032,
14578,20471,
14626,28452,
14662,33640,24495,21423,
14673,32114,31987,28006,17223,
14846,31191,17276,26407,
14856,18961,
14882,25659,
14981,26648,23381,30334,
15033,28452,
15152,32913,
15269,20015,
15334,23364,28058,18428,
15401,21847,
15406,20951,
15440,28058,
15646,22952,
15748,31809,
15753,21136,19859,
15815,16892,26693,
15848,22952,
15922,18377,
15936,18377,
15991,27423,
16060,22944,28196,
16089,29177,
16106,20808,
16237,19185,
35,21873,
71,20535,
89,16865,17075,
136,26557,
152,18380,
171,27603,
207,19849,17276,25935,
348,32070,
357,22115,
396,28965,
526,26485,
723,22908,31894,17686,
851,18246,23663,
1068,24758,28455,
1073,20535,
1162,28962,20100,
1303,18201,
1319,19326,
1469,33856,
1693,25597,
1702,19155,
1737,17474,28875,20100,
1838,26282,
1954,20258,
1979,26145,
2033,17474,
2143,31762,27742,
2255,33688,
2455,26724,
2560,21136,18101,21110,
2602,31506,
2706,24367,
2768,27328,
2791,23952,16930,30630,
3053,31258,
3204,32114,
3300,23702,
3508,18183,
3523,26557,
3547,26401,28062,
3573,20887,
3696,23890,
3698,21140,
3732,27034,
3786,28961,
3968,30377,33310,
3977,33497,32051,22461,30535,
4079,22461,
4168,27328,
4177,23988,23807,
4195,17333,20887,
4201,16340,19326,
4304,32070,
4316,18380,
4513,21851,
4529,19155,
4724,28196,31894,
4731,27506,
4739,18246,
4759,22115,28941,
4817,27603,
5047,33348,18711,
5049,28455,
5056,27328,
5085,23979,
5177,21851,
5210,29408,
5268,28900,31422,
5284,28049,21428,28929,
5398,26557,
5626,25654,
5685,20258,
5705,23252,
5742,31506,
5793,26282,
5830,27762,19231,
5834,31506,
5966,23702,
6056,28021,
6073,24252,26485,26662,
6184,23918,
6192,26401,
6194,31506,
6232,24367,
6421,28896,20346,
6543,28049,
6566,27506,
6568,25696,33688,
6808,20887,
6848,21873,
6852,22320,23952,29408,33639,
6927,18690,
6933,22410,30861,
6957,26440,33200,28676,31191,
6999,25935,
7028,25654,
7038,33688,18380,
7100,28196,
7133,31657,28237,16975,
7181,27328,
7193,23807,
7203,32528,23890,
7205,18558,
7316,25597,
7347,28455,
7361,23807,
7504,32009,
7555,33856,
7599,28206,
7601,25080,23663,18711,
7654,26055,
7675,16889,21748,
7700,26853,
7743,28875,
7775,23918,
7813,27642,31422,
7966,20887,
7973,26055,
7987,19416,
8047,25935,
8051,28049,
8097,26557,
8227,26557,
8310,21169,21110,21311,
8365,21851,
8411,28049,
8506,31258,
8517,17686,
8617,31185,23787,
8677,32236,
8736,28961,
8804,19664,22926,23919,
8916,28062,23087,
9054,31716,29300,17437,18550,
9091,31106,27061,25407,
9100,34153,31106,
9133,23652,23702,
9166,20442,22884,23190,23191,
9215,28057,22908,33193,
9248,22461,26246,
9285,24813,23807,
9369,33856,16564,31757,
9395,32009,31406,
9409,26145,27061,24758,
9424,23890,33639,
9491,27328,
9568,27603,
9572,31258,
9710,18690,
9722,33601,22654,
9723,26401,
9778,26557,18183,
9935,31258,
10002,31258,
10030,31506,
10062,27642,
10327,17075,
10389,27328,
10402,19831,18183,
10472,26486,
10552,22994,32070,
10629,28965,
10736,29408,
10797,26282,
10841,30377,33310,
10942,31258,
10963,22994,32070,
11046,33200,18673,
11122,28962,
11151,31422,
11196,26557,
11200,26485,
11242,20157,19663,
11246,27328,
11326,26945,
11338,31422,
11372,22590,
11406,20157,
11408,23787,32966,
11427,27642,
11491,31716,
11504,18201,20067,33497,
11540,23243,
11557,26145,
11578,16719,
11607,22654,
11627,22654,
11794,25402,26650,28237,
11939,29408,22177,31406,
11971,22410,33198,
11985,20535,
12012,26615,
12035,26282,
12055,23702,
12118,22410,
12140,27328,29179,
12489,26486,
12538,19326,
12555,17075,
12565,18201,
12633,27762,31191,
12647,23702,
12852,27603,
12902,26055,
13017,28021,
13019,23417,28962,
13022,26557,
13151,28237,33701,
13176,21506,
13205,17075,
13411,24231,
13481,32528,17437,19831,
13566,24367,
13744,28455,
13750,26945,
13876,19543,
13888,27824,25597,
13891,26401,
13947,28237,
13982,26853,
13995,18246,
14060,32009,31894,
14114,28961,
14118,19416,22410,
14126,31185,29325,33454,
14258,26945,
14268,25935,
14272,16564,34054,18183,
14290,22162,28866,18246,
14344,26485,
14350,26557,
14450,31258,
14600,20258,
14751,17075,
14755,20016,18246,
14998,32009,
15003,27034,
15107,19155,26246,
15163,16516,20157,
15193,18690,
15205,20540,
15250,17075,
15346,30377,33310,
15347,18509,
15468,23918,
15512,32966,
15525,23919,
15609,17512,26241,17258,32528,
15685,20442,
15742,24367,
15764,31106,
15926,22654,
16056,33310,
16080,26485,
16161,22177,26945,
16227,22320,19466,31900,
1,19349,
94,32120,
132,18550,
185,27953,30861,
391,21385,
608,32658,
794,24097,
855,20121,
1078,26592,
1099,17961,
1102,26449,
1129,21169,
1143,17276,18454,
1201,21067,22757,32437,
1208,33198,
1273,24097,34209,
1291,18672,29179,
1364,23527,
1366,16358,
1606,23527,
1640,21169,
1706,16268,
1729,25358,
1932,25201,26650,
2049,30861,
2109,27016,27953,
2291,21169,
2377,28125,
2391,24762,
2422,33396,
2432,32528,
2519,19265,
2599,33701,
2640,20928,23663,
2774,24813,22926,
2805,23554,
2829,16358,
2834,26449,
2964,33701,
3074,27166,18550,
3168,33295,
3289,21652,
3376,28843,31124,29179,
3513,16930,
3640,26449,
3712,31657,17287,
3735,23554,
3812,24071,
3834,24071,
3904,23988,
3939,22699,27166,
4008,25270,
4076,22926,
4207,32051,28941,
4257,31406,
4272,19297,17310,
4365,24233,16268,
4377,28006,
4399,28942,
4508,33396,
4573,24323,
4770,31757,
4838,18550,
4887,26216,
4941,31406,
4965,20144,
4983,30861,
5028,19349,
5216,26449,
5251,28328,16930,33396,
5327,20145,
5345,28843,
5411,16358,
5465,33497,
5504,22699,
5623,30464,
5640,16268,
5667,18580,
5703,25201,
5884,19849,
6106,20100,27462,
6162,17276,19575,
6244,32528,
6249,21396,
6256,24495,
6280,31987,
6294,32528,
6401,27016,
6433,23988,
6536,23527,
6692,31657,16268,
6699,31406,
6800,32120,
6839,24071,
6926,30861,
7072,19438,
7083,21169,
7229,26440,
7238,20999,
7356,26440,
7357,16358,
7425,32190,
7432,24233,
7487,24323,
7500,16358,
7515,18672,
7629,24071,
7715,27462,
7974,33198,
8023,28942,
8129,32120,
8138,25201,
8182,26216,
8435,31657,
8487,21033,27782,
8524,19849,
8598,23936,
8683,28382,
8703,23527,
8734,29795,33198,
8839,32419,18550,
8905,17932,
8908,23653,
8918,20121,
8976,21396,
9081,26216,
9128,17932,20318,
9219,24813,
9268,33868,33454,
9486,23663,
9542,24762,
9587,31368,30401,
9592,23787,
9649,26241,
9856,20999,19575,
9859,32190,
9988,20529,
10004,31987,33388,
10024,20529,
10105,21169,
10172,19794,
10199,19664,
10213,31124,
10227,20529,32051,
10375,23936,
10422,23653,
10475,24762,18260,22829,31542,
10515,20121,
10593,24758,
10813,31757,
10858,18325,
10987,28382,
10991,29795,
11011,27560,
11034,19849,
11066,18456,27016,
11175,16358,
11179,31657,
11216,31406,
11268,28843,
11349,18057,
11371,23787,31124,
11394,30402,
11497,22926,19663,
11521,20144,
11747,16268,17287,
11783,26592,
11995,21385,23191,
12059,24762,
12096,26449,
12137,20016,22329,
12206,26241,
12452,20016,28853,
12581,31987,
12582,31542,
12623,21067,
12629,27462,
12677,20928,
12702,32528,
12715,25080,31692,
12843,25270,
12890,24335,23087,
12893,26216,
12897,20529,
12899,24335,
12916,22321,19634,25379,
12925,25201,
12954,18057,
12979,31757,
13005,16268,
13301,23652,
13456,23846,
13738,20121,21169,
13779,24233,
13793,19349,
13862,23190,
14323,34209,23527,
14342,30401,
14380,33396,
14417,33396,
14503,33601,
14762,32419,20318,
14932,28843,
14977,23663,
15018,18101,
15218,18580,
15349,20121,
15405,19438,
15413,26449,
15443,24758,
15563,16358,
15673,16930,25691,
15682,28328,31987,
15900,32051,
15973,17276,
15983,24071,
16009,31010,20318,
16103,20121,
16105,23846,
16140,16358,
99,22316,
122,23186,
126,31822,
367,27097,
381,34153,19058,
425,21428,
469,28057,31894,
617,34209,
654,19634,
691,27524,
724,19166,
737,25080,
867,27524,
969,31368,
1024,33193,
1042,22316,
1174,16340,
1306,18260,
1351,19166,
1369,23861,
1477,28940,
1548,23126,
1580,21143,
1600,22316,
1632,25080,
1776,23427,
1827,18891,
1970,18428,
1971,22316,
1987,22150,
2003,22997,
2083,26070,
2095,16564,
2097,28943,
2113,28929,
2128,28929,
2290,27166,
2527,28940,
2662,30544,
2714,26650,
2733,26651,
2879,22585,
2945,17576,
2947,20051,
2981,18891,
3003,27061,
3020,26651,
3171,22585,
3182,28676,
3238,25458,
3248,23697,28907,
3304,23186,
3322,23952,
3386,29325,
3388,25318,
3398,17931,
3529,30544,17287,
3628,32073,
3674,31010,
3756,25458,
3907,18516,
3955,31368,
3999,23270,
4045,17333,
4144,25458,
4171,27524,
4282,31613,
4664,22829,
4670,30377,30535,
4780,28183,
4819,17512,
4959,28940,
5129,31373,
5218,33868,
5422,33224,
5427,28859,
5438,18260,
5531,23364,17588,
5606,20051,
5768,22177,
5819,23178,
5835,28061,
5837,34153,
5899,21143,
5962,33388,
6024,26693,
6049,22864,
6161,17588,
6312,32437,
6334,22829,
6362,28183,
6510,29870,
6532,27097,
6594,23178,
6610,31010,
6678,26070,
6750,25318,
6851,33224,
6881,26651,
6963,17901,
7301,25458,
7365,28929,
7400,22474,
7448,26650,
7592,16564,
7751,25768,22997,
7767,23417,
7943,28940,
7975,30975,
8110,28943,
8113,28328,
8162,22585,
8239,17512,
8274,29870,
8300,26070,
8317,23697,
8320,19166,
8380,27166,
8520,22329,
8597,33388,
8603,22474,
8622,28913,
8656,25402,
8732,25402,
8753,34209,
8882,19831,
8959,28102,
8967,32073,
8969,28057,18260,29870,
8991,16516,
9036,25458,
9057,31368,25318,
9117,33193,
9140,22585,
9325,17333,
9336,18627,
9405,23427,
9435,21428,
9463,33663,
9480,28913,
9485,28102,
9526,16340,
9571,22150,
9603,25318,
9716,28183,
9767,20100,
9769,22998,
9843,17310,
9885,23952,
9923,19663,
10025,18386,
10027,18428,
10039,22150,
10131,28183,
10179,32419,24028,
10218,21642,
10248,19634,
10278,20067,
10314,22320,
10365,20017,
10388,31010,
10467,25402,
10494,27061,
10506,31373,
10684,17931,
10729,23087,
10739,28102,
10751,25402,
10753,18599,
10830,17931,
10852,28940,
10937,16865,
10975,23270,
11002,30544,
11075,18260,
11087,22994,
11112,29086,
11186,22177,
11223,16865,
11455,33388,33639,
11457,28183,
11473,18260,
11612,28859,
11673,25318,
11720,16516,
11862,22994,
11878,28676,
11926,25691,
11976,18627,
12090,18386,26070,
12153,26651,
12251,23823,
12305,26877,
12360,26651,
12398,28929,
12490,18516,
12502,16865,
12579,32437,
12648,28102,
12752,33639,
12775,22474,
12819,17512,
12948,23823,
13080,27097,
13086,31112,
13145,25458,
13269,29086,
13349,20005,
13364,33224,
13629,26906,
13662,25660,
13692,25696,
13849,30377,
13882,27524,16516,
14002,27097,
14032,22998,
14117,25660,
14149,28859,
14154,20017,
14220,18428,
14222,28934,
14241,24028,
14270,22994,
14298,27524,
14334,33193,34153,
14357,34209,
14418,30544,
14467,22187,
14747,33639,
14812,19973,
14930,34252,
14960,18386,
14994,26651,
15135,21642,
15147,21642,
15186,25702,
15377,22474,
15424,17576,
15507,34153,
15540,25458,
15585,25318,
15667,28859,
15679,19379,
15727,25402,33639,
15743,21642,
15754,28943,
15821,23381,
16049,22585,
16132,23417,
16197,28328,
16228,21428,
16231,23952,
16232,25702,
