16296,47
16350,77
16449,47
16450,257
16458,77
16475,77
16483,47
16487,47
16568,47
16771,47
16945,47
16969,47
17113,47
17199,257
17384,257
17399,47
17420,257
17457,257
17500,206
17695,257
17731,206
17764,257
17837,257
17958,257
17971,47
17984,47
18023,47
18048,257
18133,206
18135,206
18316,206
18429,257
18581,206
18583,257
18617,8
18691,8
18823,47
19255,257
19384,257
19420,257
19425,257
19512,47
19514,47
19533,257
19584,257
19673,47
19823,257
19842,77
19887,77
19986,257
20084,279
20102,257
20199,257
20229,77
20268,257
20298,126
20328,8
20364,257
20410,47
20425,47
20562,47
20690,47
20931,47
21069,257
21074,257
21101,84
21157,47
21183,257
21197,98
21489,13
21513,47
21520,47
21795,256
21868,257
21918,206
22130,206
22277,47
22387,206
22455,47
22512,122
22539,157
22591,257
22639,43
22749,206
22774,257
22783,257
22943,77
23086,47
23170,47
23222,206
23267,47
23353,257
23365,47
23546,257
23560,257
23580,194
23643,206
23650,47
23692,47
23847,206
23898,56
23962,84
24040,206
24062,206
24085,257
24107,47
24265,257
24318,257
24689,285
25012,47
25057,257
25151,47
25425,257
25529,257
25981,257
26103,257
26110,47
26168,257
26332,47
26346,257
26395,206
26397,47
26398,206
26473,47
27236,47
27465,257
27507,175
27528,47
27585,47
27586,257
27754,47
27815,47
27825,257
27931,77
27935,47
28415,47
28508,13
28513,157
28611,13
28722,47
28779,13
28850,13
29270,206
29305,77
29819,47
29934,279
29976,47
30139,47
30639,257
30714,13
30812,13
31127,257
31148,257
31218,257
31310,257
31431,257
31668,47
31676,257
31806,47
31820,257
31870,257
32007,257
32089,47
32178,20
32188,56
32266,47
32330,47
32380,206
32656,206
32923,206
33064,206
33188,270
33286,257
33365,257
33455,257
33479,47
33541,122
33589,206
33614,257
33963,77
34021,257
16305,68
16310,68
16390,68
16481,68
16562,66
16563,68
16579,68
16814,68
16839,68
16878,13
16894,13
16928,68
16943,201
16965,13
17046,68
17056,68
17099,23
17193,68
17323,204
17385,13
17513,68
17692,13
17693,8
17795,68
17859,68
17933,68
17952,68
17953,13
17983,68
17988,279
18047,8
18265,68
18299,59
18334,68
18357,68
18383,34
18484,68
18533,68
18589,68
18742,68
18982,201
19037,68
19132,68
19134,68
19267,68
19271,201
19303,68
19407,195
19479,23
19499,68
19532,157
19573,68
19669,56
19674,157
19675,68
19820,68
19834,68
19952,68
19969,68
19992,68
20033,279
20085,204
20499,246
20892,68
21502,150
21665,68
21752,84
21837,68
21946,68
22011,68
22146,68
22319,91
22437,13
22449,59
22569,68
22713,23
22866,119
22966,68
22973,68
23059,68
23146,20
23198,204
23239,68
23273,68
23363,68
23400,204
23413,68
23596,2
23709,20
23797,68
23986,13
24131,204
24239,68
24245,13
24268,195
24513,224
24595,121
24833,8
24902,68
25050,121
25360,204
25395,68
25409,68
25590,195
25733,195
26153,68
26234,68
26245,68
26665,68
26943,68
27283,68
27287,8
27289,68
27402,195
27494,68
27527,157
27568,68
27572,201
27599,68
27620,68
27731,195
27737,68
27846,68
27986,68
27993,68
28111,68
28134,68
28242,68
28254,68
28386,68
28511,195
28671,157
28830,13
29020,195
29136,13
29241,68
29342,68
29453,13
29518,68
29804,195
29843,204
29904,56
30025,68
30228,68
30332,56
30431,68
30633,0
30786,68
30849,68
30979,68
31207,68
31270,68
31281,195
31297,68
31348,195
31473,195
31546,68
31833,13
31921,173
32008,20
32171,68
32343,68
32683,68
32911,13
32915,20
32924,224
32972,68
33252,68
33257,204
33301,68
33317,195
33402,117
33563,68
33708,34
33723,68
33742,68
33881,68
33996,68
34074,234
34098,13
34228,68
34250,68
16301,243
16306,246
16379,66
16537,66
16617,204
16632,66
16715,26
16749,194
16805,88
16824,66
16887,223
17033,66
17040,204
17211,66
17271,88
17683,88
17703,88
17750,88
18004,88
18109,66
18126,88
18228,88
18243,88
18402,43
18496,88
18525,88
18545,269
18619,88
18708,88
18714,13
18819,88
18831,66
18974,56
19040,88
19157,279
19168,231
19306,223
19334,88
19385,98
19427,13
19463,66
19556,13
19650,223
19672,66
19780,231
19812,231
19860,98
19912,66
19924,88
19997,231
20002,66
20022,66
20035,66
20118,98
20154,66
20160,66
20177,56
20200,231
20311,84
20913,223
21014,88
21022,88
21123,66
21176,98
21196,98
21227,98
21243,20
21280,66
21284,88
21331,88
21418,66
21450,88
21597,66
21626,56
21666,88
21852,88
21857,88
21943,231
21947,66
22161,88
22202,88
22212,231
22350,231
22476,98
22568,88
22712,223
22743,88
22766,231
22771,231
22863,98
22888,231
23002,88
23185,88
23196,88
23216,88
23253,66
23398,88
23489,66
23844,66
23915,162
24032,223
24072,55
24255,157
24273,195
24571,195
24584,231
24585,195
24699,195
24726,88
24832,195
24956,204
25017,223
25115,88
25168,279
25322,26
25348,231
25353,26
25554,88
25716,241
25761,231
25783,195
25968,195
26057,66
26120,88
26129,78
26274,231
26284,66
26343,88
26391,223
26663,66
26824,66
26834,223
26842,88
26882,88
27007,88
27020,195
27057,66
27059,88
27190,134
27246,88
27274,88
27299,66
27364,204
27522,84
27552,13
27698,88
28002,66
28289,66
28550,279
28576,98
28603,88
28673,66
28870,66
28955,195
29039,56
29080,88
29198,88
29438,66
29528,181
29832,13
30200,84
30282,26
30330,159
30518,13
30661,231
30756,66
30863,13
31135,195
31245,88
31474,88
31497,88
31515,246
31523,66
31663,195
31665,195
31760,223
31916,98
32068,88
32222,168
32292,223
32439,34
32631,43
33062,98
33161,7
33195,66
33223,7
33244,2
33468,66
33578,88
33829,66
34204,66
34246,88
34260,23
16299,31
16346,204
16357,31
16376,31
16384,279
16418,31
16514,143
16540,25
16596,8
16691,31
16692,143
16716,143
16857,143
16883,143
16896,157
17000,31
17023,31
17045,143
17055,143
17212,13
17230,31
17234,67
17290,143
17321,143
17442,143
17465,147
17678,279
17709,143
17721,84
17777,8
17842,143
18016,143
18113,67
18138,67
18232,31
18331,31
18343,31
18408,143
18481,31
18483,31
18490,31
18521,31
18698,31
18820,67
19012,31
19036,143
19137,67
19158,31
19320,143
19323,67
19405,143
19430,143
19531,31
19622,31
19676,143
19677,279
19762,143
19817,143
19891,31
19932,143
20055,31
20086,31
20122,84
20150,122
20181,67
20252,279
20312,31
20938,143
21085,143
21086,31
21127,84
21297,143
21301,143
21343,143
21410,143
21467,143
21561,31
21562,67
21565,204
21670,67
21703,67
21710,279
21777,31
22120,31
22158,67
22273,31
22334,31
22382,143
22459,150
22525,55
22549,67
22595,59
22893,119
22919,143
23075,31
23076,147
23373,143
23425,31
23473,31
23732,13
23871,31
24002,143
24019,13
24123,31
24170,29
24336,31
24392,31
24707,31
24745,67
24838,190
24909,150
24910,31
24955,8
24960,143
24973,279
24993,143
25025,143
25222,31
25309,157
25499,143
25502,31
25517,143
25546,143
25568,20
25578,143
25658,31
25723,13
25736,31
25892,31
25905,143
25932,143
26112,143
26147,31
26231,55
26544,13
26631,31
26852,143
26960,279
27022,31
27103,31
27118,31
27450,143
27495,143
27539,143
27635,143
27720,31
27744,143
27749,67
27774,20
27781,31
28120,31
28159,31
28305,143
28322,31
28390,13
28757,31
28840,194
28963,31
29100,20
29138,143
29165,143
29220,31
29272,31
29365,67
29414,143
29450,31
29486,228
29730,143
29760,55
29837,67
29932,204
30088,31
30434,31
30623,204
30735,13
31033,31
31102,31
31116,31
31203,143
31229,204
31257,31
31433,143
31552,204
31628,143
31674,223
31735,143
31793,143
31805,31
31966,143
32194,143
32246,143
32356,25
32383,204
32411,31
32579,223
32603,31
32622,20
32640,143
32700,31
32702,143
33213,31
33397,7
33478,8
33519,157
33637,20
33689,143
33704,25
33886,264
33900,20
34229,143
34251,31
16295,282
16322,282
16328,8
16351,84
16353,204
16360,150
16385,98
16386,256
16387,250
16391,256
16395,282
16509,205
16519,13
16541,7
16590,250
16646,250
16647,19
16660,282
16723,56
16915,8
16991,282
17020,250
17217,282
17303,205
17919,8
18055,121
18147,282
18148,250
18172,250
18194,282
18324,98
18387,56
18396,250
18418,282
18552,282
18555,205
18576,204
18585,282
18587,7
18610,84
18637,282
18734,282
18794,282
18822,250
18837,250
18872,282
18919,282
18948,250
19292,282
19300,282
19421,122
19424,250
19462,250
19482,250
19497,282
19550,282
19588,282
19678,282
19905,121
19928,250
19943,98
20110,55
20256,282
20460,84
20475,98
20605,13
21138,84
21158,7
21204,98
21216,282
21238,282
21317,282
21475,121
21640,205
21726,121
21776,282
21791,205
21805,282
21816,250
21884,282
22014,282
22103,282
22119,282
22295,250
22401,282
22498,282
22593,121
22673,282
22741,282
22872,119
22965,250
22999,282
23045,19
23060,282
23091,282
23152,282
23255,250
23394,282
23430,250
23532,13
23575,282
23625,282
23718,250
23801,282
23928,7
23951,134
24029,282
24114,25
24127,121
24491,282
24650,195
24651,8
24678,19
24709,250
24980,195
25162,8
25220,195
25241,157
25262,195
25340,23
25365,121
25410,195
25416,121
25445,195
25450,195
25471,19
25532,122
25598,195
25663,195
25747,195
25851,121
26012,98
26016,279
26116,282
26219,3
26230,55
26427,282
26566,282
26635,50
26642,250
26732,55
27404,8
27478,282
27512,178
27557,122
27573,282
27615,195
27616,282
27625,19
27638,8
27655,121
27666,282
27675,98
27729,195
27771,205
27823,282
28075,121
28316,204
28446,121
28531,2
28711,282
28731,204
28837,19
28894,250
28978,195
29003,7
29018,195
29036,282
29061,195
29255,282
29420,250
29500,121
29558,282
29578,121
29748,195
29957,195
30013,282
30153,19
30367,282
30410,279
30642,7
30731,8
30755,195
30879,250
30945,282
31196,282
31226,282
31247,195
31388,195
31455,19
31599,282
31909,282
32205,282
32336,282
32379,282
32394,250
32438,282
32466,282
32467,282
32473,98
32488,250
32569,282
32682,282
32888,20
32895,282
32937,282
33065,282
33135,282
33163,282
33164,8
33318,195
33364,266
33399,282
33483,195
33500,98
33603,122
33616,55
33619,55
33660,279
33718,204
33719,282
33827,121
33859,98
33944,282
34084,282
34129,282
34155,13
34184,13
34276,250
34279,282
16336,113
16339,113
16345,113
16369,113
16574,20
16681,113
16690,13
16706,113
16734,113
16752,113
16818,59
16850,13
16858,113
16941,113
17029,113
17081,113
17222,113
17307,113
17496,157
17724,59
17766,246
18020,113
18283,113
18294,113
18434,113
18460,279
18485,113
18514,113
18519,113
18532,113
18724,113
18818,113
18871,113
18884,13
18909,113
19005,59
19236,113
19256,59
19266,113
19389,113
19409,8
19434,248
19453,59
19552,20
19561,113
19589,122
19606,13
19607,113
19637,113
19808,59
19833,113
19949,113
20026,113
20109,55
20133,59
20151,8
20203,59
20251,113
20263,59
20295,56
20435,113
20677,191
20793,113
20799,113
20867,113
20986,204
21015,113
21174,84
21226,84
21368,113
21443,113
21701,157
21751,49
21817,157
21821,34
21961,91
21989,2
22009,8
22070,113
22240,113
22242,113
22298,113
22337,113
22499,113
22530,113
22533,49
22719,84
22727,59
22768,59
22841,113
22848,113
22856,281
23005,113
23117,113
23217,113
23402,113
23454,84
23468,281
23555,246
23567,8
23618,113
23658,59
23746,113
23891,113
23895,13
23903,113
23960,84
24025,113
24050,113
24105,59
24126,113
24161,113
24315,281
24366,281
24444,281
24449,281
24530,281
24600,281
24777,281
24789,281
25021,281
25075,281
25095,281
25185,281
25413,281
25452,281
25453,281
25474,281
25493,281
25555,281
25719,281
25762,281
25782,281
25817,177
26020,113
26034,113
26179,113
26505,113
26545,281
26596,7
26840,113
26849,113
26863,281
26893,113
26909,113
26940,59
26975,113
27112,20
27403,72
27477,113
27659,281
27722,13
27803,13
27841,84
28007,23
28053,113
28094,204
28252,49
28255,223
28345,20
28451,281
28468,113
28472,113
28518,204
28526,113
28530,13
28535,33
28562,281
28656,113
28716,113
28820,166
28885,281
28898,20
28899,281
28920,281
28931,113
28936,119
28937,119
29024,281
29123,281
29215,281
29312,223
29356,59
29422,281
29461,113
29504,113
29821,13
29851,113
29879,113
30022,113
30090,113
30233,113
30359,113
30628,20
30643,55
30749,113
30836,113
30844,281
30859,113
30880,113
30989,281
31131,204
31277,281
31430,281
31472,281
31519,113
31524,113
31588,113
31654,113
31667,113
31827,281
31842,13
32015,281
32113,83
32147,113
32248,281
32491,113
32599,20
32626,281
32653,204
32666,204
32691,113
32798,281
32812,281
32968,13
33048,113
33063,204
33156,281
33167,281
33220,281
33311,281
33312,113
33451,8
33462,55
33573,113
33612,113
33634,113
33737,113
33796,281
33804,281
33909,113
33954,8
33957,113
34264,84
16287,170
16288,175
16308,170
16325,178
16334,76
16372,157
16374,76
16381,20
16432,122
16508,178
16528,175
16804,178
16877,178
17200,76
17235,178
17308,76
17410,178
17544,241
17545,76
17561,178
17639,175
17717,170
17758,157
17874,76
17934,178
18002,178
18042,76
18066,204
18071,76
18117,76
18144,76
18159,170
18281,76
18368,122
18369,76
18382,241
18400,178
18470,76
18579,170
18653,8
18764,279
18780,157
18989,77
19000,76
19045,76
19051,76
19129,175
19146,170
19498,178
19501,76
19546,170
19580,157
19591,178
19790,178
19804,76
19870,178
19960,178
20113,55
20114,55
20183,178
20429,20
20507,76
20542,170
20611,178
20624,193
20698,76
20705,76
20871,76
20934,52
20973,76
21047,76
21486,178
21543,178
21571,178
21577,241
21582,241
21613,178
21653,150
21677,76
21827,76
21865,76
21963,76
22117,178
22141,178
22355,178
22368,178
22434,279
22448,76
22577,76
22663,76
22667,241
22677,170
22694,76
22742,8
22750,76
22751,241
22769,76
22909,119
22933,178
22977,49
23043,178
23061,76
23145,76
23234,55
23484,178
23486,178
23569,204
23726,170
23736,76
23866,76
23902,76
23914,241
23957,279
24036,178
24060,76
24068,204
24070,170
24074,241
24164,241
24176,178
24201,49
24219,76
24382,241
24406,241
24414,241
24448,241
24452,241
24524,241
24662,241
24720,241
25118,76
25126,241
25192,241
25246,241
25376,241
25393,241
25435,241
25447,241
25541,204
25624,20
25667,241
25672,76
25902,175
26165,76
26180,76
26250,175
26349,55
26350,55
26381,157
26472,49
26474,76
26555,241
26600,178
26678,178
26776,76
26825,178
26900,175
26932,20
26997,20
27038,175
27052,49
27117,17
27200,76
27212,178
27322,170
27370,241
27375,76
27440,178
27444,76
27482,241
27556,170
27609,76
27650,150
27660,241
27661,170
27679,178
27711,178
27716,178
27728,76
27783,175
27807,241
27925,76
27930,241
27946,175
28056,8
28112,178
28128,76
28137,76
28198,178
28204,241
28214,76
28226,76
28227,178
28381,178
28493,76
28504,241
28583,178
28641,241
28650,76
28764,178
28781,241
28790,241
28938,65
29053,170
29068,76
29222,76
29313,178
29336,241
29343,55
29367,76
29378,178
29468,178
29487,241
29499,76
29559,76
29562,76
29697,266
30034,241
30068,76
30076,241
30091,76
30141,175
30177,76
30234,170
30235,178
30388,49
30405,76
30426,76
30597,76
30620,76
30791,241
31025,76
31125,8
31189,241
31200,76
31252,241
31292,241
31306,178
31352,76
31357,178
31359,157
31377,175
31485,76
31629,20
31653,170
31769,76
31835,178
31839,241
31843,178
31901,20
32062,76
32167,170
32225,76
32228,76
32635,178
32675,76
32687,76
32912,223
32934,204
32993,178
33175,76
33250,150
33358,76
33473,175
33491,49
33492,178
33493,241
33521,55
33669,247
33672,20
33720,175
33780,76
33792,241
33835,241
33855,241
33884,178
33974,241
34043,76
34114,241
34126,76
34151,175
34171,25
34173,76
34231,175
34243,76
16766,62
17663,72
17729,72
17819,72
17820,8
17857,72
17985,131
18217,115
18388,115
18398,131
18443,166
18471,166
18518,246
18536,72
18600,246
18633,62
18656,72
18686,114
18810,72
18813,62
18880,114
18955,114
19034,72
19039,72
19211,72
19347,72
19403,72
19446,72
19478,114
19480,285
19539,62
19668,72
19919,157
20023,72
20108,106
20115,84
20131,62
20283,72
20466,114
20498,30
20504,72
20508,72
20722,204
20837,166
21108,72
21113,84
21147,131
21166,72
21202,62
21303,115
21370,62
21371,131
21372,204
21374,114
21403,131
21634,62
21678,166
21679,285
21815,62
21861,72
21948,166
22022,131
22111,62
22116,114
22125,13
22203,106
22205,84
22239,114
22252,166
22344,166
22360,62
22440,62
22472,72
22503,114
22524,72
22527,285
22535,72
22559,204
22642,72
22649,72
22704,72
22731,72
22739,285
22772,166
22793,114
22797,62
22799,285
22800,285
22816,166
22845,114
22865,62
22896,62
22939,72
22957,131
22963,30
22974,72
22978,72
22981,62
23085,285
23168,30
23197,114
23279,72
23377,62
23387,72
23409,157
23418,30
23431,72
23444,72
23481,166
23502,62
23518,72
23615,62
23671,72
23686,166
23712,131
23733,106
23749,72
23752,30
23754,34
23775,62
23782,166
23791,62
23813,30
23827,114
23841,285
23869,72
23876,62
23899,62
23904,114
23921,166
23934,204
23947,62
23959,62
23983,72
23997,30
23998,30
24004,166
24010,72
24013,62
24027,62
24052,204
24063,72
24078,72
24118,65
24132,285
24150,166
24175,30
24177,72
24187,30
24188,115
24211,166
24212,72
24235,62
24247,166
24266,115
24269,115
24272,115
24547,115
24594,115
24792,115
24796,8
25177,115
25196,115
25510,115
25520,115
25525,115
25734,285
26018,62
26019,114
26022,150
26051,72
26052,166
26105,62
26108,72
26117,204
26133,166
26144,62
26163,114
26218,131
26235,285
26243,285
26252,72
26257,62
26361,115
26365,34
26538,157
26547,62
26558,166
26559,285
26609,62
26611,114
26626,106
26639,30
26649,72
26702,166
26703,72
26741,115
26829,115
26870,106
26918,166
26977,115
26980,72
27030,115
27084,72
27105,106
27201,72
27203,8
27211,62
27222,150
27240,285
27258,115
27268,72
27315,72
27358,115
27401,72
27406,246
27457,30
27466,283
27480,131
27519,157
27532,62
27583,72
27682,166
27686,62
27705,157
27758,62
27764,62
27797,72
27798,246
27808,166
27850,114
27872,72
27886,131
27995,72
28011,72
28074,72
28077,62
28113,62
28160,106
28180,285
28185,72
28240,131
28321,62
28362,114
28385,72
28398,13
28399,131
28448,72
28449,72
28487,13
28501,246
28505,72
28510,114
28629,72
28632,72
28633,285
28699,72
28733,62
28857,62
28876,131
28897,285
28939,65
28970,246
29002,62
29041,62
29124,246
29203,72
29228,72
29361,72
29542,131
29584,72
29585,72
29606,285
29679,204
29714,72
29727,62
29770,62
29806,114
29935,157
30062,246
30084,13
30087,246
30094,204
30095,114
30097,72
30098,30
30099,114
30103,72
30133,114
30172,72
30300,72
30301,72
30372,285
30373,285
30380,150
30417,72
30463,204
30567,72
30632,30
30636,34
30720,62
30754,204
30788,115
30889,166
30891,72
30929,285
30977,72
31018,72
31043,62
31093,115
31098,166
31159,13
31344,72
31353,62
31405,114
31420,279
31425,204
31437,115
31504,30
31662,246
31712,62
31774,114
31814,13
31818,114
31863,115
31878,13
31885,13
31896,115
31984,115
32006,115
32013,115
32047,62
32097,72
32187,13
32283,131
32361,72
32370,62
32457,166
32468,13
32469,285
32487,72
32493,115
32512,114
32596,72
32621,115
32689,72
32703,62
32706,72
32732,13
32842,40
32907,253
32996,13
33162,62
33192,114
33230,261
33261,72
33269,13
33302,246
33320,115
33392,115
33446,166
33499,72
33501,246
33520,13
33565,131
33579,166
33621,115
33647,72
33681,62
33683,114
33711,114
33749,62
33759,72
33923,8
33936,72
34085,158
34091,166
34154,62
34170,72
34190,72
34206,285
34212,13
34214,72
34233,13
34274,115
16737,255
17553,255
17728,255
17882,13
18221,59
18467,255
18922,110
19645,70
19776,188
20152,70
20482,188
21394,255
21452,255
21717,56
21916,70
21931,70
22085,70
22188,255
22417,97
22689,29
22765,70
22780,204
22794,20
22795,70
22852,70
22881,255
22903,255
22941,154
22949,255
22950,255
23209,187
23300,70
23322,187
23356,70
23411,154
23466,188
23482,187
23492,12
23723,187
23744,70
23930,255
23958,70
23991,255
23996,29
24005,70
24069,154
24073,255
24077,187
24096,255
24229,276
24243,70
24301,110
24466,110
25101,70
25160,198
25209,70
25647,13
26048,276
26059,12
26149,13
26273,20
26333,12
26347,70
26378,70
26437,29
26438,70
26442,20
26444,97
26594,70
26638,70
26843,255
26845,255
26847,255
26867,70
26933,110
26950,255
26953,70
26983,122
27067,255
27068,255
27082,70
27088,70
27187,70
27294,276
27337,70
27374,141
27379,154
27380,70
27390,204
27396,70
27400,255
27405,187
27421,141
27508,70
27509,188
27510,204
27540,255
27564,91
27630,154
27646,70
27730,188
27752,70
27786,141
27791,70
27822,70
27829,70
27849,110
27852,255
27869,20
27880,154
27883,70
27929,70
27998,70
28041,12
28048,110
28078,150
28083,70
28089,70
28129,70
28141,70
28158,70
28165,70
28179,70
28191,110
28300,276
28315,70
28324,188
28332,204
28342,204
28361,70
28425,70
28426,188
28439,150
28454,70
28459,70
28467,70
28482,70
28486,20
28615,70
28628,141
28648,34
28657,20
28690,276
28724,20
28753,255
28769,70
28770,70
28773,70
28789,49
28794,191
28829,70
28935,65
29085,91
29098,20
29121,70
29199,70
29289,154
29302,204
29345,70
29382,70
29421,70
29423,276
29432,70
29456,255
29469,34
29480,110
29503,255
29514,154
29515,70
29547,141
29555,70
29565,20
29616,70
29675,141
29678,154
29691,188
29731,70
29744,187
29767,276
29791,255
29825,110
29835,110
29859,110
29863,276
29865,154
29899,276
29901,70
29913,255
29937,70
29946,97
29967,70
30008,97
30014,154
30059,3
30093,13
30150,70
30158,70
30195,70
30239,70
30242,154
30272,70
30283,13
30287,12
30324,12
30360,70
30374,20
30383,97
30398,255
30411,8
30412,255
30419,157
30446,70
30461,154
30513,188
30584,70
30605,255
30612,188
30617,191
30652,187
30654,110
30701,70
30703,13
30846,20
30871,56
30878,154
30892,70
30894,198
30913,91
30925,70
30927,188
30935,70
30970,154
30986,255
30990,70
31016,187
31017,70
31024,13
31034,97
31042,255
31049,12
31071,70
31081,191
31101,110
31107,70
31108,70
31111,13
31143,70
31144,59
31154,104
31170,110
31209,97
31211,70
31215,122
31233,70
31242,97
31336,187
31349,188
31361,12
31395,70
31402,110
31438,154
31439,110
31449,3
31450,110
31460,97
31461,255
31479,188
31483,12
31507,70
31508,3
31509,70
31510,70
31531,188
31538,188
31558,70
31610,70
31619,70
31656,70
31658,70
31659,204
31669,97
31685,204
31695,13
31749,20
31754,8
31790,70
31804,198
31816,141
31823,70
31824,276
31828,187
31831,110
31834,70
31837,12
31873,276
31884,110
31888,70
31899,204
31915,255
31919,154
31977,276
31998,154
32020,110
32031,254
32072,70
32127,255
32144,255
32145,280
32217,276
32256,70
32310,255
32340,154
32341,3
32345,70
32409,70
32551,141
32573,70
32601,70
32627,70
32650,20
32661,34
32714,110
32735,13
32789,154
32811,255
32839,187
32840,154
32879,110
32894,154
32908,188
32935,110
32990,110
33124,255
33173,12
33199,255
33207,204
33231,157
33253,254
33256,276
33260,70
33265,12
33335,255
33345,198
33357,70
33375,110
33403,70
33458,198
33464,70
33465,198
33504,154
33511,70
33548,70
33549,276
33564,188
33566,204
33597,70
33598,255
33622,110
33623,255
33627,255
33631,255
33632,110
33644,20
33664,70
33677,255
33678,198
33709,276
33710,70
33713,70
33731,70
33732,204
33751,110
33752,70
33761,204
33777,20
33905,20
33916,187
33922,154
33925,12
33926,70
33928,13
33929,187
33966,70
33969,20
33985,20
33997,154
34003,157
34006,255
34044,204
34052,20
34082,70
34099,70
34130,43
34132,12
34134,191
34138,20
34150,13
34189,8
34199,20
34213,110
34235,255
34249,141
34273,276
21376,20
21624,122
21629,130
21669,130
23063,130
23103,130
23647,130
24030,130
24205,130
26159,130
26237,130
26310,59
26500,130
26586,130
26726,130
26816,8
27085,130
27206,13
27265,56
27324,130
27436,130
27531,130
27645,130
27707,238
27743,130
27784,130
27819,130
27832,122
27842,130
27848,130
27903,130
27919,130
27944,20
28030,130
28308,130
28312,130
28502,130
28506,20
28640,130
28655,130
28694,130
28745,204
28827,130
29047,130
29055,130
29185,130
29347,130
29362,130
29416,130
29441,130
29455,130
29510,130
29539,130
29545,130
29552,130
29660,231
29676,20
29745,157
29749,130
29774,130
29789,130
29818,130
29838,195
29902,195
29912,195
30000,130
30005,130
30089,130
30118,130
30152,130
30154,13
30182,130
30229,130
30237,130
30238,130
30244,20
30286,130
30339,195
30381,130
30396,130
30569,130
30821,130
30835,130
30843,130
30916,130
30946,130
31003,59
31087,130
31126,204
31169,130
31177,130
31190,130
31228,130
31246,130
31486,130
31545,130
31578,195
31591,84
31598,130
31612,130
31661,195
31687,130
31693,130
31751,223
31857,195
31858,130
31862,130
31865,195
31882,195
31907,195
31967,130
31978,130
32163,130
32164,130
32172,130
32175,130
32177,130
32436,130
32465,130
32516,195
32608,130
32696,195
32699,13
32906,195
32910,130
32933,43
33066,195
33074,130
33103,161
33111,130
33145,195
33166,266
33168,98
33291,130
33292,130
33308,130
33337,130
33344,130
33374,195
33395,8
33448,59
33457,130
33545,195
33547,130
33615,94
33648,130
33652,130
33661,195
33667,130
33676,130
33680,130
33727,130
33748,24
33899,261
33910,195
33912,130
33920,130
33946,130
33967,130
33976,157
33990,130
34004,195
34008,130
34033,195
34038,130
34055,20
34083,130
34090,130
34100,49
34119,130
34177,130
34183,130
34193,195
34208,130
34226,130
34230,130
34239,130
34242,130
34280,130
13,112
14,102
24,139
29,16
66,102
75,74
89,48
99,218
122,139
168,179
185,16
207,182
218,233
263,6
265,57
314,192
340,41
367,218
381,74
407,197
454,138
462,63
475,74
511,22
526,6
527,218
548,167
555,133
562,45
565,37
631,259
664,102
681,38
694,63
715,5
723,138
739,48
743,171
801,174
834,92
874,48
881,218
904,74
957,196
966,63
974,63
997,103
1005,71
1051,14
1078,45
1124,41
1144,14
1151,218
1157,73
1163,213
1174,174
1185,74
1261,16
1273,103
1292,268
1336,164
1364,167
1371,111
1380,95
1391,139
1407,218
1409,35
1413,38
1545,37
1552,218
1573,196
1630,69
1632,182
1746,16
1752,218
1819,218
1838,32
1876,64
1896,32
1952,112
1972,179
1985,138
2007,45
2010,189
2022,139
2055,251
2079,218
2082,171
2130,37
2170,167
2218,48
2232,87
2243,218
2268,218
2287,14
2298,218
2327,48
2358,179
2360,74
2377,218
2474,218
2510,233
2552,48
2565,74
2577,135
2581,95
2627,16
2666,218
2668,74
2697,74
2725,218
2731,80
2732,174
2748,112
2756,235
2796,139
2810,112
2811,155
2832,195
2849,63
2868,135
2951,218
3007,112
3049,112
3061,45
3063,218
3123,48
3145,35
3148,179
3153,61
3176,64
3179,179
3189,92
3202,63
3214,61
3248,192
3254,74
3321,63
3322,112
3338,22
3348,262
3375,107
3376,220
3407,185
3424,16
3471,74
3513,5
3522,103
3529,6
3558,63
3559,184
3606,63
3642,184
3678,218
3692,71
3712,259
3759,73
3873,48
3880,61
3884,112
3888,218
3904,192
3907,185
3999,102
4009,218
4102,63
4168,63
4175,38
4207,218
4213,32
4239,174
4248,123
4335,195
4377,60
4383,218
4478,5
4484,218
4562,174
4565,63
4670,164
4697,218
4704,135
4752,167
4768,163
4782,69
4795,218
4838,218
4840,218
4880,218
4890,174
4952,48
4965,89
4966,217
4978,218
5012,179
5026,32
5030,37
5053,155
5056,199
5112,174
5172,63
5195,112
5217,5
5218,259
5284,16
5321,182
5352,218
5359,189
5366,36
5368,195
5408,213
5435,262
5460,133
5467,185
5506,48
5509,14
5532,11
5542,61
5557,127
5560,167
5601,213
5623,5
5633,142
5642,164
5646,63
5651,112
5670,63
5685,262
5701,87
5734,95
5759,164
5830,112
5834,218
5835,139
5844,174
5878,100
5890,74
5969,218
5984,174
5995,192
6016,74
6050,109
6082,32
6099,218
6106,216
6144,167
6161,74
6216,218
6242,32
6280,111
6311,262
6312,155
6322,74
6335,5
6429,218
6530,37
6562,74
6592,167
6631,218
6685,112
6688,39
6715,16
6786,16
6794,135
6828,155
6833,218
6852,267
6933,262
6941,92
6962,37
6970,112
6976,5
7009,118
7018,218
7038,211
7054,171
7071,45
7181,63
7224,236
7238,16
7321,63
7349,174
7353,45
7420,111
7439,218
7443,218
7460,32
7495,37
7511,79
7515,16
7534,74
7536,95
7581,195
7601,48
7744,48
7788,9
7791,195
7796,16
7810,107
7813,112
7819,184
7912,174
7949,135
7975,111
7987,218
8002,32
8007,32
8023,16
8035,63
8036,142
8056,218
8061,63
8144,164
8179,218
8273,195
8292,179
8380,218
8414,218
8430,45
8466,195
8470,189
8482,111
8487,108
8513,73
8517,214
8530,102
8596,218
8598,92
8617,164
8619,112
8627,172
8630,63
8631,218
8647,174
8664,63
8696,213
8719,218
8724,139
8764,218
8782,63
8783,174
8804,123
8809,63
8813,262
8815,16
8830,139
8910,32
8969,138
9091,41
9098,63
9100,48
9106,4
9141,195
9164,63
9166,112
9170,218
9176,32
9236,112
9248,218
9264,111
9269,259
9270,218
9291,218
9294,278
9295,218
9318,184
9330,259
9369,196
9383,112
9387,138
9390,45
9409,61
9424,74
9466,63
9645,227
9649,63
9692,102
9706,37
9791,171
9799,171
9859,135
9986,48
10019,184
10035,174
10081,35
10085,211
10151,63
10166,218
10195,57
10231,61
10255,135
10274,182
10278,92
10290,37
10305,192
10329,112
10365,218
10375,92
10389,63
10402,189
10440,103
10452,171
10540,5
10546,216
10567,5
10582,112
10621,61
10634,174
10653,11
10662,139
10667,92
10672,218
10673,218
10677,218
10770,32
10981,218
10990,86
10996,218
11055,195
11079,218
11112,259
11152,185
11154,133
11155,74
11172,213
11183,218
11196,174
11230,112
11242,102
11257,218
11259,82
11299,218
11308,195
11343,179
11365,139
11371,167
11408,218
11443,138
11485,182
11506,218
11519,79
11596,192
11600,102
11617,218
11642,63
11683,218
11700,63
11836,218
11861,57
11884,38
11896,74
11897,16
11939,107
11941,213
11958,218
12015,73
12057,259
12063,180
12088,87
12108,139
12155,127
12228,74
12342,6
12347,218
12365,218
12388,176
12389,63
12396,107
12490,103
12505,112
12567,249
12581,41
12582,218
12599,163
12623,259
12677,218
12682,53
12693,35
12702,164
12739,195
12745,37
12746,63
12755,79
12781,35
12784,92
12797,107
12800,61
12816,167
12819,16
12828,63
12864,61
12866,74
12876,164
12902,5
12916,179
12927,213
12958,63
12997,218
13058,138
13074,63
13086,74
13285,63
13318,74
13334,61
13383,184
13406,16
13426,61
13436,37
13536,112
13584,214
13589,218
13617,259
13627,111
13634,183
13657,35
13705,185
13735,73
13743,92
13764,184
13765,16
13775,167
13781,112
13798,112
13941,182
13947,112
13950,61
14009,45
14030,79
14032,167
14043,195
14118,218
14121,195
14179,95
14191,80
14203,135
14206,196
14208,218
14210,74
14230,112
14241,218
14272,4
14300,63
14321,69
14323,135
14334,102
14360,5
14367,174
14385,96
14418,139
14460,174
14479,87
14491,218
14532,37
14538,195
14557,268
14571,48
14632,200
14642,48
14644,278
14673,123
14682,74
14700,74
14714,174
14716,218
14725,74
14755,164
14762,74
14846,218
14848,16
14874,195
14895,156
14930,22
14957,262
14981,11
15007,135
15029,262
15052,174
15054,174
15080,111
15097,195
15143,211
15163,112
15223,63
15259,240
15291,262
15308,69
15333,218
15347,48
15365,32
15374,167
15377,174
15393,118
15440,164
15452,195
15459,185
15478,16
15510,35
15517,184
15554,74
15609,63
15671,111
15682,35
15698,179
15707,210
15719,32
15739,63
15777,218
15801,174
15815,74
15860,32
15879,16
15880,218
15909,195
15934,74
15936,63
15950,218
15954,176
15956,69
15973,182
15995,218
16035,74
16051,133
16091,112
16121,74
16174,155
16245,135
82,179
131,37
132,259
142,112
145,5
161,92
219,213
280,213
290,174
317,63
357,63
405,37
417,174
422,111
531,112
617,138
654,32
658,218
728,135
761,218
788,155
855,61
870,164
880,63
894,103
903,107
909,133
910,61
923,218
970,41
972,195
1025,35
1040,74
1123,58
1177,69
1246,37
1247,100
1262,73
1288,164
1291,197
1376,63
1452,218
1461,174
1463,112
1467,51
1468,179
1475,4
1521,35
1556,133
1598,164
1607,39
1656,112
1672,164
1679,133
1706,155
1718,48
1737,218
1745,164
1836,63
1886,37
1903,16
1924,37
1970,218
1979,192
2062,112
2090,179
2098,63
2189,63
2210,218
2214,155
2267,213
2364,174
2389,61
2393,174
2396,60
2409,107
2419,262
2479,48
2506,32
2563,259
2594,185
2700,164
2723,218
2754,184
2805,63
2819,218
2873,112
2904,218
2940,61
2953,262
2964,218
2986,142
2995,63
3050,14
3066,41
3099,69
3116,103
3167,74
3168,48
3190,9
3197,61
3269,45
3286,218
3337,51
3425,45
3435,139
3508,197
3556,179
3573,87
3631,155
3653,74
3663,155
3745,135
3807,41
3896,144
3936,213
3987,195
3995,218
4007,167
4027,218
4040,278
4045,32
4099,164
4122,195
4208,14
4270,262
4278,218
4306,38
4346,174
4362,174
4392,262
4437,60
4447,179
4501,69
4601,218
4608,32
4620,124
4632,164
4635,63
4641,195
4647,48
4724,45
4757,63
4759,112
4798,51
4887,41
4915,242
4975,46
4981,218
4992,69
5025,111
5045,102
5161,184
5209,102
5231,63
5263,32
5268,37
5347,32
5360,218
5422,32
5424,192
5432,195
5466,48
5502,111
5520,63
5563,100
5627,135
5643,112
5656,32
5679,112
5749,63
5794,262
5805,111
5808,218
5829,213
5832,197
5860,85
5881,195
5917,74
5955,262
6042,64
6045,45
6049,73
6072,179
6094,48
6096,112
6125,63
6152,258
6203,135
6248,61
6266,195
6327,182
6329,155
6421,263
6433,164
6641,107
6647,213
6687,63
6692,259
6725,51
6726,63
6735,112
6830,74
6834,262
6876,18
6957,189
7004,112
7062,139
7077,163
7087,218
7091,135
7107,218
7118,45
7248,32
7294,63
7311,218
7400,174
7435,111
7454,69
7508,14
7564,218
7572,95
7593,38
7595,74
7598,41
7602,218
7634,14
7651,145
7653,111
7683,5
7688,63
7708,179
7714,146
7718,171
7728,195
7834,63
7886,135
7909,112
8026,174
8043,179
8114,63
8177,63
8208,45
8256,139
8317,174
8327,63
8344,195
8374,73
8376,32
8390,112
8431,196
8435,218
8578,87
8582,71
8590,139
8688,179
8714,262
8734,218
8736,60
8744,164
8754,18
8839,21
8848,5
8894,167
8950,116
8976,111
8996,218
9035,218
9050,45
9078,41
9110,218
9128,185
9149,164
9157,218
9193,48
9199,195
9200,174
9213,61
9245,45
9275,63
9300,164
9328,80
9338,63
9437,74
9469,48
9521,240
9547,58
9592,74
9603,45
9610,32
9635,195
9715,192
9716,195
9761,112
9809,218
9843,112
9855,73
9870,218
9903,102
9911,218
9924,123
9941,37
9956,92
9991,195
10009,155
10064,139
10096,80
10106,218
10113,79
10189,14
10213,48
10227,164
10306,16
10314,218
10362,63
10460,195
10501,112
10529,218
10551,63
10589,51
10593,218
10617,111
10682,60
10693,218
10705,112
10753,45
10759,133
10760,129
10783,48
10832,73
10942,48
10958,112
10971,63
11008,262
11026,211
11034,124
11039,79
11042,61
11162,111
11279,51
11281,244
11282,208
11304,152
11349,216
11355,16
11369,48
11402,51
11404,74
11423,51
11438,164
11462,69
11499,63
11504,63
11526,32
11537,95
11614,102
11641,51
11678,218
11696,6
11783,218
11858,195
11864,37
11878,69
11966,74
11983,213
11989,174
12031,63
12033,218
12055,74
12071,218
12082,63
12119,195
12131,262
12135,107
12168,179
12232,195
12275,61
12277,259
12297,45
12305,229
12312,156
12333,174
12345,60
12398,167
12438,195
12442,74
12453,32
12478,63
12499,139
12565,164
12620,9
12645,51
12715,107
12716,45
12723,63
12803,240
12809,73
12890,218
12954,218
13005,218
13014,14
13023,63
13037,218
13146,46
13150,112
13180,218
13199,218
13219,80
13237,16
13269,259
13361,244
13364,262
13378,80
13457,174
13505,142
13532,174
13569,218
13609,123
13646,195
13662,41
13692,74
13732,112
13750,240
13802,37
13854,69
13888,45
13957,208
13994,211
14026,164
14154,174
14182,167
14194,218
14195,218
14197,218
14199,102
14212,218
14231,167
14274,195
14357,74
14386,218
14439,16
14478,79
14492,16
14525,195
14547,233
14561,48
14564,259
14615,195
14618,218
14662,195
14687,80
14692,48
14706,18
14743,179
14792,46
14813,37
14823,182
14833,74
14851,45
14915,155
15085,16
15090,16
15107,174
15195,218
15230,46
15343,197
15401,48
15426,244
15520,164
15536,112
15574,174
15606,233
15642,244
15645,195
15665,57
15717,63
15722,48
15743,63
15764,41
15776,63
15781,69
15791,218
15821,14
15833,218
15841,46
15887,123
15914,138
15917,185
15944,32
16060,111
16133,35
16199,63
16220,63
16224,63
16227,105
16248,218
50,64
59,75
86,74
108,262
133,58
190,37
386,233
400,35
408,79
432,32
554,139
621,258
765,171
778,35
863,164
1111,103
1159,218
1167,48
1178,185
1181,179
1203,63
1228,139
1229,95
1342,39
1361,37
1387,87
1400,218
1489,73
1510,63
1544,16
1570,184
1580,61
1588,139
1600,218
1616,63
1640,6
1665,16
1689,112
1702,100
1724,139
1779,211
1780,277
1822,174
1831,63
1851,51
1923,195
2000,38
2058,195
2138,218
2264,102
2296,195
2333,51
2359,69
2536,211
2560,103
2562,244
2656,179
2702,139
2711,192
2712,218
2755,112
2767,240
2938,63
2965,284
2988,195
3000,48
3023,202
3070,138
3090,16
3237,16
3541,4
3571,195
3674,107
3715,185
3791,213
3853,236
3861,63
3914,196
4029,218
4034,218
4226,182
4230,45
4272,111
4292,137
4314,37
4347,111
4360,45
4379,63
4389,61
4431,37
4546,218
4563,156
4668,171
4679,74
4706,155
4742,63
4746,124
4755,214
4775,22
4802,142
4824,48
4835,218
4851,92
4855,179
4856,74
4888,196
5020,112
5035,80
5047,139
5066,32
5096,74
5147,69
5152,63
5200,16
5251,208
5285,233
5341,142
5471,38
5531,107
5655,218
5705,48
5709,174
5729,111
5788,218
5851,95
5905,185
6068,197
6182,218
6189,195
6210,63
6214,103
6234,112
6272,112
6350,63
6355,124
6359,69
6383,195
6418,239
6540,218
6568,63
6584,73
6657,63
6664,48
6686,69
6749,214
6804,118
6889,103
6989,80
7008,195
7029,174
7058,133
7063,42
7117,218
7133,133
7148,103
7171,112
7188,61
7204,5
7207,100
7236,197
7352,87
7386,102
7416,63
7421,112
7488,74
7540,48
7544,80
7565,192
7675,103
7678,41
7702,259
7767,135
7803,102
7820,35
7974,99
7993,61
8087,182
8098,218
8107,63
8134,218
8206,4
8298,233
8332,37
8357,61
8372,74
8410,135
8486,186
8506,218
8572,46
8579,111
8602,218
8610,41
8640,61
8703,209
8753,139
8781,45
8882,192
8916,174
8959,136
8964,133
8979,63
8988,32
8990,195
9029,69
9060,48
9067,171
9074,100
9123,155
9147,218
9255,61
9287,164
9325,32
9386,27
9428,135
9522,195
9552,5
9571,218
9572,14
9595,128
9618,16
9623,218
9696,195
9743,101
9851,179
9884,195
9922,218
9939,195
9942,218
9955,92
9992,103
10031,14
10066,218
10075,218
10135,103
10146,14
10291,69
10327,218
10366,32
10384,102
10388,218
10408,37
10445,218
10475,95
10478,182
10715,216
10730,259
10757,163
10815,195
10819,218
10831,218
10835,218
10857,38
10925,171
10951,69
10956,48
10972,156
11017,262
11031,167
11032,195
11070,38
11085,139
11249,87
11270,37
11274,37
11321,195
11338,22
11348,213
11364,5
11403,233
11410,32
11454,138
11456,105
11523,61
11565,103
11592,174
11608,218
11719,218
11720,218
11743,218
11774,240
11782,139
11798,41
11971,69
12025,79
12086,233
12170,195
12176,174
12218,63
12236,218
12293,32
12340,155
12356,195
12406,179
12422,218
12446,63
12448,48
12455,14
12501,112
12553,37
12619,125
12630,218
12648,218
12722,218
12783,16
12789,195
12839,262
12870,135
12969,63
12978,51
12999,112
13004,179
13009,32
13013,135
13020,112
13030,218
13069,164
13145,57
13160,189
13176,133
13186,182
13191,218
13266,102
13279,35
13333,63
13373,69
13376,195
13412,63
13486,74
13509,262
13587,37
13601,57
13631,195
13639,4
13650,79
13680,103
13849,167
13852,37
13861,225
13873,37
13913,195
13925,184
13933,63
13975,213
13982,218
14126,192
14131,60
14233,63
14316,218
14441,197
14475,63
14517,39
14563,218
14600,95
14703,139
14738,218
14754,63
14822,61
14856,112
14858,16
14901,79
14934,184
14988,218
15051,45
15061,262
15141,167
15176,35
15184,218
15188,196
15209,244
15264,218
15290,133
15293,218
15314,51
15323,127
15373,164
15382,71
15406,262
15467,259
15511,87
15528,218
15532,48
15576,102
15664,259
15677,16
15728,195
15729,218
15754,45
15775,174
15818,112
15822,57
15901,236
16074,174
16079,218
16081,233
16110,63
16158,107
16210,41
16217,218
35,69
54,195
79,139
107,112
111,103
162,63
204,107
224,63
243,69
260,63
406,112
423,45
446,74
455,63
469,259
542,120
557,179
590,218
635,37
657,174
672,216
676,103
691,139
975,111
1139,37
1162,176
1188,195
1341,64
1349,195
1350,5
1369,5
1536,184
1555,164
1650,63
1670,63
1673,182
1684,37
1716,139
1761,164
1799,184
1800,45
1802,174
1852,92
1857,218
1872,218
1932,167
1953,69
1974,189
2023,112
2027,61
2038,216
2040,63
2067,51
2073,171
2110,265
2124,133
2207,218
2318,61
2357,74
2383,218
2441,174
2466,63
2472,218
2551,218
2554,163
2607,51
2640,218
2675,259
2705,61
2761,74
2826,63
2845,5
2907,262
2915,48
2936,63
2943,41
2962,45
3164,14
3213,79
3218,63
3349,102
3451,179
3461,139
3500,46
3505,218
3533,112
3677,184
3770,218
3890,112
3952,69
3961,45
3972,74
3984,171
4004,218
4250,58
4277,48
4354,64
4424,195
4526,233
4597,214
4606,174
4657,278
4664,218
4665,69
4777,112
4783,174
4822,27
4870,87
4900,195
4971,103
5003,195
5081,95
5090,218
5105,4
5291,259
5338,14
5383,139
5438,123
5510,179
5525,112
5554,195
5645,174
5792,218
5838,102
5884,35
5885,174
5902,179
5920,195
6078,87
6124,262
6181,262
6233,93
6246,22
6265,63
6321,218
6478,14
6544,51
6614,45
6619,92
6773,213
6774,258
6839,258
6851,87
6859,51
6860,61
6928,112
7048,118
7084,218
7086,71
7161,37
7274,37
7379,69
7396,195
7427,35
7452,112
7492,218
7537,260
7575,218
7632,79
7753,48
7801,63
7883,171
7904,48
7921,37
7938,4
8113,48
8142,63
8161,87
8164,218
8384,61
8447,45
8515,176
8738,179
8759,87
8778,218
8858,195
8867,37
8900,195
8991,174
8995,69
9032,48
9064,195
9182,218
9215,74
9219,167
9268,139
9289,38
9442,174
9485,74
9526,164
9559,218
9626,61
9666,92
9670,63
9713,63
9745,139
9757,139
9758,48
9827,71
9897,164
9925,135
9926,195
9987,60
10030,112
10072,102
10145,167
10170,45
10172,35
10179,139
10180,118
10193,45
10230,14
10239,167
10296,140
10372,174
10382,45
10468,71
10494,218
10575,46
10578,174
10588,111
10649,195
10676,6
10739,218
10748,195
10821,61
10829,14
10836,45
10845,174
10863,195
10871,16
10890,218
10902,16
10903,174
10936,15
11046,11
11095,57
11097,74
11103,174
11149,63
11166,61
11170,22
11211,179
11247,37
11310,48
11334,63
11376,139
11388,195
11444,63
11469,128
11489,218
11541,61
11599,163
11612,218
11710,195
11723,63
11758,16
11767,218
11800,218
11908,218
11924,171
11926,138
11944,71
12049,61
12090,218
12115,63
12137,90
12206,218
12258,218
12394,167
12466,63
12491,45
12549,259
12561,5
12681,218
12714,14
12788,63
12792,278
12796,51
12798,155
12926,37
12931,112
12940,63
12957,45
13000,163
13127,165
13143,140
13173,133
13175,60
13177,69
13206,195
13213,176
13249,262
13256,195
13260,112
13298,63
13366,74
13411,5
13415,218
13461,51
13530,63
13533,195
13551,218
13632,73
13658,48
13660,174
13782,278
13807,48
13825,63
14010,218
14035,195
14036,167
14065,164
14077,174
14108,63
14120,185
14143,18
14160,182
14200,218
14232,112
14234,218
14290,185
14358,208
14433,195
14477,184
14656,171
14711,195
14872,218
14944,213
14992,218
15045,142
15108,218
15117,184
15160,48
15165,61
15257,233
15278,218
15329,260
15363,57
15385,112
15461,262
15614,218
15630,63
15744,51
15758,103
15770,63
15802,63
15843,57
15885,118
15888,74
16021,112
16052,61
16067,10
16182,63
16225,69
1,74
25,63
109,258
151,239
246,233
253,218
394,16
401,218
461,112
468,100
477,218
534,218
636,107
674,140
704,112
808,218
824,16
854,61
892,69
911,271
988,51
1008,174
1142,87
1197,155
1205,218
1238,218
1250,195
1268,63
1282,184
1360,195
1408,69
1419,51
1440,63
1519,63
1551,112
1601,60
1617,48
1641,112
1643,37
1717,74
1795,218
1801,218
1818,155
1820,63
1862,195
1878,102
1914,64
1999,218
2003,171
2021,112
2031,182
2086,195
2109,262
2150,112
2168,112
2209,262
2217,63
2303,259
2366,41
2405,123
2416,155
2435,103
2447,63
2468,74
2498,54
2508,61
2517,18
2580,213
2592,233
2623,63
2659,179
2686,63
2717,102
2776,184
2784,185
2833,218
2836,258
2893,259
2929,32
3006,118
3068,4
3183,218
3186,69
3224,213
3235,167
3242,9
3315,16
3351,74
3356,259
3440,32
3452,239
3557,87
3649,61
3675,63
3821,179
3851,139
4323,118
4414,112
4578,233
4585,63
4589,112
4604,218
4729,74
4761,182
4788,195
4813,5
4846,39
4906,155
4941,218
4956,184
5021,63
5060,133
5079,63
5085,218
5124,64
5204,179
5256,195
5270,139
5344,58
5353,174
5374,61
5393,79
5397,48
5409,258
5423,142
5445,142
5462,48
5603,195
5626,41
5690,218
5710,63
5717,218
5731,32
5889,18
5894,63
5908,139
5962,102
6061,218
6164,46
6218,69
6276,61
6298,71
6307,195
6315,57
6353,112
6374,218
6381,179
6499,156
6531,211
6698,74
6710,218
6718,74
6751,216
6763,35
6784,218
6809,133
6874,165
6886,74
7074,112
7075,112
7163,174
7231,156
7390,63
7392,45
7426,171
7471,278
7616,218
7672,260
7677,174
7691,80
7730,124
7778,16
7850,51
7855,245
7894,167
7936,63
7942,51
7988,174
8001,63
8006,63
8048,179
8152,259
8231,63
8237,63
8246,174
8252,258
8268,102
8274,112
8283,63
8334,218
8360,208
8378,37
8385,103
8417,107
8518,37
8623,39
8642,41
8702,18
8727,213
8747,64
8765,14
8766,5
8771,45
8857,69
8877,171
8899,71
8919,87
8967,278
9018,164
9024,211
9052,218
9076,103
9132,167
9138,174
9145,61
9183,74
9226,174
9339,37
9352,218
9388,112
9429,111
9500,63
9561,69
9614,32
9624,155
9673,58
9769,139
9821,222
9856,35
9867,48
9888,128
9901,14
9938,179
9995,100
10008,58
10086,73
10114,218
10194,218
10210,140
10215,74
10218,63
10273,61
10320,174
10404,73
10433,195
10450,58
10458,37
10467,213
10499,195
10533,45
10607,197
10630,39
10778,100
10781,46
10803,218
10966,48
10978,51
11027,48
11043,61
11115,41
11135,38
11161,195
11219,5
11256,18
11322,112
11326,45
11351,192
11358,242
11451,102
11472,61
11525,139
11540,92
11583,112
11813,195
11815,63
11888,171
11921,74
11927,236
11975,218
11987,218
12016,16
12027,69
12028,142
12050,38
12067,218
12075,41
12121,138
12263,163
12271,184
12281,63
12286,262
12288,14
12301,71
12330,16
12359,218
12385,5
12439,63
12441,164
12475,211
12513,63
12546,179
12558,63
12563,63
12588,218
12629,259
12633,195
12730,103
12775,45
12776,195
12838,41
12857,5
12905,61
12998,63
13019,174
13046,73
13080,61
13151,192
13301,16
13325,63
13371,139
13474,182
13528,64
13573,218
13586,112
13595,259
13607,218
13677,44
13685,112
13701,196
13720,37
13742,37
13842,58
13894,69
13911,38
14022,45
14112,156
14123,63
14140,218
14147,5
14273,111
14298,61
14349,63
14379,112
14431,174
14454,37
14455,233
14480,100
14549,51
14610,242
14646,278
14753,5
14794,63
14812,99
14825,218
14880,103
14904,9
14966,164
15100,63
15197,174
15229,174
15344,18
15359,244
15408,100
15422,45
15423,61
15533,226
15578,179
15638,39
15676,184
15749,139
15753,182
15762,260
15763,63
15787,233
15793,63
15896,174
15989,32
16039,60
16049,167
16089,218
16104,61
16171,112
16198,46
78,218
150,139
154,48
165,112
188,102
201,61
208,32
241,9
249,45
288,140
313,74
334,278
359,57
362,112
476,195
630,63
638,233
668,112
798,179
835,64
868,278
921,218
963,213
995,164
1058,9
1079,218
1095,218
1147,218
1152,37
1170,102
1245,63
1257,5
1269,139
1326,69
1381,184
1411,100
1429,218
1477,258
1505,214
1512,218
1528,58
1595,69
1597,74
1623,87
1658,218
1729,174
1766,58
1767,63
1873,135
1955,184
1957,45
2053,218
2095,138
2259,5
2291,61
2402,112
2406,195
2413,61
2448,240
2467,133
2528,80
2532,185
2547,112
2661,239
2688,259
2740,262
2757,16
2820,112
2865,195
2949,218
3021,124
3074,174
3138,218
3211,63
3215,41
3216,63
3231,45
3238,61
3310,239
3342,155
3363,184
3489,123
3496,218
3547,218
3767,60
3803,192
3850,218
3906,240
3911,45
3937,102
3958,218
4013,63
4036,37
4065,69
4127,69
4149,74
4171,61
4229,112
4325,112
4384,63
4387,46
4439,36
4489,102
4528,218
4536,37
4552,51
4569,242
4680,195
4690,48
4726,259
4779,37
4815,218
4833,38
4862,218
4874,169
4961,63
5111,259
5129,195
5211,103
5248,182
5325,195
5475,211
5558,4
5609,163
5714,139
5740,61
5772,195
5796,195
5817,218
5839,184
5875,48
5877,74
6040,57
6058,74
6073,16
6084,92
6110,63
6147,128
6170,195
6180,233
6196,32
6199,239
6249,164
6270,63
6288,92
6308,239
6337,171
6340,38
6341,153
6362,218
6411,195
6424,105
6457,259
6492,259
6546,218
6598,112
6613,218
6713,167
6842,63
6894,63
6922,37
6965,102
7026,45
7043,32
7126,63
7245,48
7377,38
7393,63
7584,233
7609,233
7643,218
7725,32
7736,74
7755,239
7914,69
7981,100
8015,92
8051,139
8081,112
8110,195
8132,239
8163,239
8165,195
8178,87
8193,15
8202,164
8205,48
8239,32
8263,37
8313,16
8318,195
8386,218
8484,61
8546,179
8629,37
8701,46
8711,102
8718,112
8834,218
8902,151
8926,73
8928,275
8929,195
9017,63
9051,111
9065,9
9235,63
9312,63
9354,100
9426,80
9543,63
9663,112
9755,63
9793,218
9812,74
9813,103
9814,176
9920,27
9961,38
10026,63
10057,195
10063,35
10108,128
10174,111
10175,4
10214,63
10226,35
10248,218
10256,32
10264,112
10297,218
10407,174
10431,58
10490,61
10612,63
10640,218
10654,5
10661,37
10683,259
10752,179
10860,48
10875,16
10906,102
10934,239
10988,5
11057,211
11068,37
11189,179
11251,140
11289,174
11292,1
11298,195
11361,218
11372,112
11427,69
11439,37
11611,195
11701,63
11742,179
11777,174
11784,4
11840,61
11871,61
11933,218
11959,37
11965,218
11979,135
12002,155
12083,259
12100,218
12107,218
12113,92
12114,103
12116,22
12145,63
12196,74
12225,32
12327,139
12437,218
12507,233
12510,74
12517,123
12533,45
12572,165
12580,112
12697,16
12704,184
12712,239
12752,218
12807,61
13027,51
13040,57
13081,258
13138,45
13155,182
13162,37
13182,218
13187,195
13265,182
13303,174
13315,259
13352,163
13359,63
13372,262
13398,195
13460,18
13482,5
13499,139
13501,174
13514,63
13566,48
13635,218
13636,4
13768,103
13773,174
13787,63
13826,239
13885,71
13926,262
13949,218
13958,79
14005,16
14039,92
14045,112
14051,51
14246,140
14265,63
14400,87
14425,182
14593,171
14713,259
14747,218
14862,218
14864,58
14909,32
14919,69
14932,174
14959,218
14986,37
14997,174
15028,112
15073,239
15102,195
15103,16
15125,105
15151,71
15164,5
15247,195
15262,112
15371,63
15483,174
15506,61
15525,61
15571,213
15686,258
15840,128
15872,244
15926,218
15963,195
15983,74
15996,195
16112,5
16118,48
16185,139
16189,14
16237,218
120,218
193,179
200,63
216,112
222,262
228,182
230,92
325,262
333,5
336,195
378,184
382,80
388,51
392,63
397,63
403,37
448,212
456,57
478,37
580,32
632,138
655,218
666,218
745,112
817,57
931,16
967,213
981,18
1022,195
1030,195
1053,262
1073,63
1080,240
1090,22
1106,32
1109,185
1143,63
1149,61
1172,112
1267,163
1309,37
1415,63
1437,139
1474,74
1478,179
1496,103
1522,73
1635,57
1667,45
1698,48
1715,112
1740,51
1743,112
1824,112
1882,135
1943,218
1956,46
1964,195
2005,71
2044,179
2147,174
2163,63
2169,218
2171,63
2172,63
2212,35
2228,262
2284,92
2289,140
2299,57
2305,41
2354,118
2418,63
2542,63
2602,207
2615,211
2690,74
2714,16
2729,39
2749,140
2794,195
2824,48
2831,80
2837,174
2937,61
2981,5
3033,174
3082,171
3107,16
3230,139
3291,61
3296,32
3362,174
3417,35
3420,51
3438,61
3486,112
3581,260
3601,32
3603,103
3628,112
3721,195
3764,274
3798,16
3816,272
3882,41
3913,73
3978,218
3998,179
4006,167
4060,112
4064,195
4189,61
4284,218
4318,63
4322,95
4396,58
4457,35
4474,213
4537,195
4623,9
4625,112
4634,22
4642,171
4674,218
4708,218
4731,107
4749,184
4853,258
4904,167
4907,92
4920,278
4928,37
4945,37
4972,35
4986,37
5038,112
5101,213
5115,138
5140,179
5149,35
5257,74
5301,103
5323,174
5328,48
5358,174
5371,195
5420,69
5426,22
5448,5
5496,258
5567,258
5571,45
5580,14
5708,74
5761,63
5762,182
5789,79
5802,35
5813,195
5842,174
5858,63
5916,39
5949,233
6026,195
6030,111
6091,189
6113,218
6131,32
6169,218
6195,37
6208,37
6296,174
6347,259
6349,74
6360,124
6372,16
6463,63
6497,48
6534,51
6574,37
6600,87
6605,80
6615,22
6629,4
6646,218
6760,39
6791,218
6793,184
6802,63
6847,61
6849,179
6867,171
6903,218
6967,46
7010,92
7031,61
7059,63
7168,260
7172,63
7225,182
7244,174
7263,18
7317,262
7322,156
7323,63
7330,164
7380,63
7406,22
7407,128
7502,218
7546,174
7563,184
7619,155
7822,112
7824,61
7873,262
7908,195
7939,179
7970,111
8050,218
8069,214
8079,179
8105,4
8112,260
8126,184
8137,61
8154,182
8192,211
8238,174
8361,174
8363,5
8371,179
8395,262
8419,32
8477,105
8490,74
8492,58
8516,63
8569,63
8585,63
8586,218
8633,174
8657,48
8660,174
8667,37
8707,69
8740,80
8887,107
8891,74
8998,195
9059,57
9104,174
9115,195
9125,195
9126,63
9143,179
9197,139
9261,61
9319,16
9322,259
9414,61
9425,218
9445,80
9477,71
9506,112
9541,218
9557,258
9569,112
9650,45
9655,100
9752,18
9832,218
9846,182
9847,63
9883,171
9957,5
9998,184
10043,16
10073,262
10103,73
10147,37
10184,218
10217,278
10268,37
10298,61
10321,112
10322,179
10331,63
10343,218
10368,63
10371,112
10415,135
10505,167
10513,57
10547,4
10555,214
10601,262
10646,260
10660,195
10674,218
10680,174
10800,274
10809,15
10828,218
11088,63
11122,133
11143,195
11159,63
11195,87
11204,195
11235,260
11381,61
11488,73
11558,61
11559,35
11572,218
11602,139
11618,138
11653,214
11663,32
11673,5
11736,174
11747,218
11771,218
11790,37
11857,37
11898,32
11923,5
11936,218
11981,112
12010,179
12081,164
12171,73
12209,48
12214,112
12272,63
12298,74
12331,32
12358,112
12373,218
12402,164
12426,63
12457,242
12541,48
12560,195
12585,156
12596,174
12600,171
12708,61
12713,260
12763,179
13008,118
13066,9
13076,79
13101,195
13129,16
13135,32
13161,195
13261,138
13336,69
13459,58
13513,174
13523,139
13527,164
13552,218
13567,37
13606,174
13649,218
13659,259
13679,239
13706,112
13752,63
13758,63
13760,174
13762,164
13788,39
13878,63
13893,37
13936,179
13995,197
14015,195
14017,140
14042,112
14057,160
14059,140
14073,112
14161,80
14220,111
14254,218
14259,61
14271,46
14310,258
14312,262
14313,218
14340,218
14342,63
14389,124
14399,184
14471,74
14485,176
14580,218
14585,100
14607,92
14619,195
14631,71
14717,51
14737,63
14772,37
14776,6
14781,262
14882,48
14926,112
15014,45
15066,6
15076,218
15079,163
15122,61
15171,9
15183,18
15217,195
15295,61
15305,37
15340,60
15390,218
15396,74
15397,87
15407,242
15415,140
15432,156
15439,9
15481,87
15514,69
15553,63
15604,74
15626,112
15631,112
15652,63
15658,218
15673,135
15750,5
15842,63
15844,14
15869,142
15877,112
15899,100
15929,73
15997,174
16003,189
16027,218
16082,61
16083,63
16088,278
16106,214
16131,184
16132,171
16140,139
16177,195
16194,27
68,278
121,63
129,140
181,63
223,240
254,102
267,218
351,218
390,6
413,64
419,63
438,112
496,218
519,35
540,112
547,174
561,171
582,102
589,155
594,195
598,179
616,48
639,155
645,112
684,112
703,112
712,195
722,63
751,174
768,112
832,139
884,39
933,103
959,102
996,74
1019,214
1088,139
1125,37
1337,14
1378,69
1396,218
1426,74
1504,262
1586,71
1613,171
1621,51
1649,63
1691,218
1694,102
1785,102
1792,14
1897,233
1906,51
1940,218
1944,195
1945,37
1990,155
1993,164
2006,74
2016,218
2066,195
2116,262
2125,195
2208,87
2288,57
2361,37
2522,195
2529,18
2553,63
2559,195
2598,5
2599,139
2603,218
2606,36
2631,184
2652,140
2669,111
2684,63
2823,262
2861,39
2877,9
2956,112
2966,174
3005,111
3009,176
3026,218
3051,14
3060,164
3142,46
3201,57
3219,262
3232,14
3234,63
3241,140
3290,174
3334,63
3352,102
3355,74
3364,4
3368,112
3378,74
3410,218
3478,196
3499,37
3526,218
3527,142
3530,63
3585,179
3604,64
3627,155
3739,218
3754,37
3792,61
3848,63
3922,133
3947,218
3948,218
3994,63
3997,218
4003,174
4021,63
4132,218
4156,74
4205,218
4209,37
4211,63
4235,195
4357,57
4358,211
4471,35
4529,218
4538,139
4549,233
4633,139
4640,233
4651,37
4739,174
4751,218
4803,218
5007,218
5039,48
5055,61
5069,100
5157,174
5247,195
5259,63
5302,100
5304,262
5313,63
5343,63
5356,240
5437,111
5476,195
5489,174
5539,179
5564,74
5616,74
5657,218
5672,80
5697,259
5750,4
5783,69
5848,71
5874,273
5938,195
5940,48
5961,218
6028,32
6102,51
6128,195
6190,179
6192,5
6224,102
6229,233
6247,142
6253,45
6275,63
6316,195
6391,74
6393,218
6404,103
6431,155
6464,179
6521,218
6538,230
6556,112
6586,128
6617,133
6633,195
6640,123
6724,14
6727,103
6790,58
6841,14
6910,63
6919,48
6940,5
7020,262
7027,37
7036,37
7053,37
7090,171
7094,63
7125,195
7156,112
7169,138
7190,155
7234,112
7300,45
7316,133
7343,211
7351,112
7388,197
7422,179
7498,218
7507,142
7557,74
7560,179
7571,218
7574,63
7576,63
7580,179
7594,142
7597,100
7612,5
7625,195
7693,218
7715,216
7719,102
7770,218
7775,63
7790,74
7811,63
7817,103
7843,112
7859,218
7967,71
7978,195
8039,64
8062,120
8115,63
8198,74
8221,71
8223,218
8322,16
8457,195
8465,48
8467,174
8483,74
8503,192
8529,195
8532,240
8536,218
8588,195
8601,61
8613,233
8626,179
8662,139
8669,112
8789,41
8812,61
8860,174
8863,164
8873,48
8888,100
8906,32
8933,218
8949,174
8951,61
8962,111
9039,112
9082,63
9144,38
9155,174
9156,179
9161,45
9168,232
9191,61
9204,74
9205,195
9211,182
9243,242
9253,218
9299,262
9345,61
9398,195
9433,16
9467,196
9574,184
9579,74
9580,63
9598,36
9606,107
9718,32
9735,112
9806,4
9808,45
9842,74
9878,57
9927,63
9934,63
9984,79
10012,112
10021,48
10039,112
10104,262
10228,102
10251,111
10356,63
10424,260
10484,41
10508,174
10563,174
10603,218
10605,16
10681,39
10687,142
10694,218
10696,9
10711,51
10774,174
10775,63
10788,112
10813,195
10827,208
10841,135
10909,196
10955,123
10993,179
11151,149
11181,252
11233,100
11253,262
11302,195
11305,260
11362,142
11396,218
11398,61
11407,233
11531,195
11534,16
11580,63
11621,156
11712,79
11794,218
11914,174
11930,63
11946,61
11952,63
12036,46
12091,32
12124,74
12169,112
12193,41
12241,195
12245,51
12249,37
12295,174
12310,174
12314,103
12363,71
12371,164
12395,195
12538,195
12632,218
12670,69
12673,102
12692,148
12709,5
12719,218
12740,45
12771,112
12799,5
12810,195
12859,195
12862,218
12918,37
12920,195
12923,37
12937,61
12972,218
12975,58
13050,139
13051,195
13100,14
13109,63
13134,63
13178,112
13262,237
13319,112
13358,174
13487,63
13537,61
13575,262
13576,174
13582,80
13596,218
13613,218
13655,112
13715,218
13759,37
13806,92
13812,218
13858,5
13916,142
13934,102
13939,233
13944,218
13946,63
13967,242
13970,63
13984,87
14082,218
14113,58
14125,195
14137,63
14237,174
14270,139
14296,63
14370,5
14390,5
14401,100
14421,135
14498,63
14523,139
14586,16
14688,218
14695,164
14756,156
14796,195
14819,218
14865,262
14871,63
14884,218
14890,218
14911,218
14964,69
14989,37
15020,63
15021,48
15026,219
15044,16
15078,127
15113,32
15159,174
15275,218
15284,174
15324,80
15345,218
15394,174
15405,259
15457,100
15479,74
15494,213
15508,41
15534,195
15591,133
15646,74
15662,262
15675,195
15755,174
15826,74
15832,218
15847,195
15864,75
15941,179
15948,45
15999,69
16029,233
16048,278
16107,102
16108,174
16147,32
16164,74
16169,133
16239,100
16242,139
6,218
18,195
101,57
106,63
110,174
186,240
239,112
250,165
252,195
255,58
298,32
344,174
389,218
426,9
434,218
441,164
506,111
515,51
521,163
604,203
620,79
622,63
706,80
735,48
749,140
754,37
782,195
790,218
791,63
797,79
804,218
842,142
866,213
900,195
961,218
1050,174
1083,195
1085,167
1304,258
1307,218
1365,48
1431,45
1529,174
1599,16
1609,174
1647,63
1686,37
1789,63
1849,79
1898,61
1905,218
1910,218
1954,171
1977,195
1978,142
2100,63
2140,111
2143,112
2158,48
2164,112
2204,46
2205,37
2235,71
2248,236
2332,260
2345,179
2347,112
2351,63
2408,100
2412,69
2477,112
2484,195
2499,92
2539,63
2555,37
2584,139
2593,100
2662,218
2764,174
2835,5
2858,218
2863,48
2887,103
2903,63
2980,127
3071,61
3106,218
3204,218
3239,156
3354,63
3371,37
3392,213
3427,213
3450,184
3457,155
3491,218
3495,139
3498,63
3538,142
3570,37
3610,258
3673,140
3676,174
3695,63
3720,32
3763,195
3768,218
3777,218
3794,218
3815,63
3835,218
3841,63
3846,112
3883,259
3988,74
4062,195
4093,61
4125,35
4143,39
4257,139
4274,195
4288,218
4300,135
4370,100
4416,195
4438,174
4452,218
4455,218
4488,179
4498,18
4579,37
4618,164
4713,73
4714,87
4718,63
4719,45
4871,51
4882,37
4908,218
4937,63
4980,80
5086,218
5127,4
5184,37
5205,218
5252,63
5299,41
5380,218
5410,112
5419,37
5443,74
5461,51
5491,63
5513,165
5562,63
5573,74
5695,218
5728,142
5823,197
5859,38
5927,37
5963,218
5966,195
5986,179
6000,195
6001,18
6006,174
6013,112
6015,51
6052,36
6059,218
6117,195
6138,87
6194,218
6277,9
6317,218
6415,16
6455,218
6488,37
6511,5
6541,48
6576,57
6680,45
6691,218
6719,63
6741,195
6769,262
6818,5
6819,218
6907,139
6920,174
6946,195
6955,5
6959,174
6971,63
6981,179
6990,95
7013,63
7140,63
7147,74
7227,37
7241,87
7266,262
7288,258
7332,132
7373,37
7401,92
7417,262
7429,184
7453,112
7466,80
7566,37
7645,63
7650,179
7660,63
7706,192
7735,218
7768,218
7780,61
7879,16
7913,63
7944,135
7959,174
7996,80
8162,63
8168,211
8222,195
8278,218
8369,69
8407,45
8416,218
8418,112
8425,195
8461,215
8474,218
8479,112
8481,92
8507,63
8523,45
8566,15
8577,48
8720,189
8772,37
8850,63
8874,102
8943,32
9038,218
9118,51
9173,112
9195,179
9324,218
9395,5
9416,105
9528,164
9642,112
9651,63
9678,63
9721,39
9764,174
9800,139
9825,195
9850,93
9853,51
9868,111
9943,63
9947,195
9974,11
9996,74
9997,218
10002,174
10003,63
10118,16
10137,195
10138,176
10173,112
10186,63
10205,74
10225,92
10271,80
10324,32
10416,218
10495,5
10518,240
10553,174
10591,60
10592,218
10642,63
10652,174
10656,37
10704,63
10762,218
10771,259
10780,214
10924,185
10932,218
10949,37
11001,139
11077,174
11084,63
11094,9
11104,195
11111,32
11127,69
11179,218
11209,28
11262,128
11328,63
11336,142
11368,262
11417,18
11429,239
11440,218
11477,218
11546,195
11569,213
11571,112
11593,218
11606,195
11660,112
11809,48
11817,218
11834,63
11867,112
11906,262
12008,37
12013,69
12020,174
12032,5
12043,195
12062,74
12076,218
12110,80
12141,100
12186,100
12261,51
12302,179
12303,111
12326,218
12354,37
12417,63
12486,63
12524,259
12534,39
12535,58
12537,63
12542,48
12557,63
12601,112
12604,112
12680,63
12769,92
12805,79
12837,221
12879,58
12919,218
12925,258
12947,9
12967,174
13022,213
13029,58
13036,139
13112,111
13154,5
13223,37
13234,218
13255,112
13323,63
13345,140
13370,63
13380,242
13389,218
13401,112
13420,195
13446,92
13539,174
13583,63
13623,278
13629,112
13669,63
13672,4
13695,179
13702,174
13763,87
13796,218
13814,163
13836,195
13882,195
13945,218
13990,37
13992,112
14012,39
14041,5
14075,174
14086,74
14145,45
14146,48
14201,192
14209,174
14214,37
14221,128
14222,167
14253,218
14264,32
14302,51
14319,174
14343,61
14430,5
14458,61
14501,74
14522,195
14562,112
14657,195
14679,260
14690,5
14724,46
14760,80
14770,5
14771,63
14945,5
14993,71
15004,102
15057,63
15095,112
15120,37
15123,142
15127,74
15147,195
15155,63
15186,182
15261,171
15292,195
15331,174
15334,192
15400,195
15442,195
15454,63
15500,218
15548,128
15685,95
15737,74
15773,69
15808,32
15845,195
15876,58
15881,61
15903,48
15923,139
15981,61
15990,174
16001,45
16009,69
16031,63
16057,218
16065,262
16080,211
16092,58
16101,63
16126,218
16156,142
16181,133
16218,195
205,218
369,37
656,195
795,63
800,37
1031,213
1044,63
1064,174
1092,63
1113,139
1156,100
1230,195
1240,239
1325,63
1406,58
1492,51
1653,63
1720,81
1842,112
1881,123
1962,16
1995,258
2047,218
2401,63
2417,195
2516,74
2914,218
3038,218
3135,174
3182,45
3648,195
4037,174
4192,63
4258,174
4398,63
4483,41
4558,51
4845,107
4910,174
5538,138
5706,138
5926,63
6134,184
6506,63
6585,38
6601,105
6679,48
6739,218
6875,171
7049,80
7106,5
7446,192
7514,174
8044,174
8308,69
8420,14
8421,87
8471,37
8695,63
8710,112
8722,185
8883,100
9013,139
9026,195
9256,218
9303,37
9336,63
9563,174
10252,63
10311,218
10336,18
10510,185
10565,92
10618,80
10707,118
10967,102
11110,63
11223,48
11331,242
11522,63
11536,63
11567,51
11629,139
11651,74
11916,37
11937,51
12143,233
12248,142
12308,107
12315,218
12407,139
12503,179
12568,37
12654,63
12672,74
13078,63
13126,163
13676,179
13830,259
13884,87
14066,218
14171,213
14186,218
14381,63
14497,48
14551,37
14578,45
14611,48
14675,46
14681,71
14837,63
15087,112
15126,195
15202,75
15256,14
15258,218
15298,174
15352,218
15515,171
15516,112
15560,174
15561,39
15687,139
15694,5
15925,16
15942,258
15974,164
15998,118
16033,167
16046,242
16179,174
