16296,1
16350,1
16449,1
16450,1
16458,1
16475,1
16483,1
16487,1
16568,1
16771,1
16945,1
16969,1
17113,1
17199,1
17384,1
17399,1
17420,1
17457,1
17500,1
17695,69
17731,1
17764,1
17837,272
17958,1
17971,1
17984,1
18023,1
18048,1
18133,1
18135,1
18316,1
18429,1
18581,1
18583,1
18617,1
18691,1
18823,1
19255,1
19384,1
19420,1
19425,1
19512,1
19514,1
19533,1
19584,1
19673,1
19823,1
19842,1
19887,1
19986,219
20084,1
20102,1
20199,1
20229,1
20268,1
20298,1
20328,1
20364,1
20410,1
20425,1
20562,1
20690,19
20931,1
21069,1
21074,1
21101,1
21157,35
21183,1
21197,1
21489,1
21513,1
21520,1
21795,1
21868,31
21918,275
22130,1
22277,1
22387,1
22455,258
22512,1
22539,1
22591,199
22639,1
22749,1
22774,1
22783,248
22943,1
23086,1
23170,39
23222,201
23267,1
23353,1
23365,1
23546,139
23560,1
23580,1
23643,1
23650,1
23692,1
23847,1
23898,1
23962,1
24040,1
24062,1
24085,1
24107,1
24265,1
24318,1
24689,1
25012,1
25057,1
25151,1
25425,1
25529,1
25981,1
26103,7
26110,1
26168,1
26332,269
26346,1
26395,1
26397,1
26398,120
26473,1
27236,1
27465,1
27507,1
27528,1
27585,269
27586,1
27754,1
27815,1
27825,1
27931,1
27935,1
28415,1
28508,1
28513,1
28611,1
28722,1
28779,1
28850,1
29270,1
29305,1
29819,1
29934,1
29976,1
30139,1
30639,1
30714,1
30812,1
31127,1
31148,1
31218,1
31310,1
31431,1
31668,1
31676,1
31806,1
31820,1
31870,1
32007,209
32089,1
32178,1
32188,1
32266,1
32330,1
32380,1
32656,1
32923,1
33064,1
33188,1
33286,1
33365,1
33455,1
33479,1
33541,1
33589,1
33614,1
33963,1
34021,1
16305,1
16310,1
16390,1
16481,1
16562,160
16563,254
16579,1
16814,1
16839,1
16878,1
16894,1
16928,1
16943,236
16965,1
17046,1
17056,34
17099,1
17193,1
17323,1
17385,1
17513,184
17692,1
17693,1
17795,175
17859,1
17933,1
17952,1
17953,1
17983,1
17988,1
18047,1
18265,1
18299,1
18334,1
18357,1
18383,1
18484,247
18533,141
18589,1
18742,1
18982,1
19037,1
19132,1
19134,1
19267,1
19271,1
19303,1
19407,166
19479,1
19499,1
19532,1
19573,54
19669,1
19674,1
19675,1
19820,1
19834,1
19952,101
19969,1
19992,1
20033,1
20085,1
20499,1
20892,178
21502,1
21665,1
21752,1
21837,58
21946,1
22011,211
22146,1
22319,1
22437,1
22449,1
22569,1
22713,1
22866,1
22966,1
22973,1
23059,1
23146,1
23198,1
23239,1
23273,1
23363,1
23400,1
23413,1
23596,192
23709,1
23797,1
23986,1
24131,1
24239,1
24245,1
24268,1
24513,1
24595,1
24833,1
24902,1
25050,1
25360,1
25395,210
25409,1
25590,1
25733,1
26153,1
26234,1
26245,110
26665,1
26943,1
27283,1
27287,1
27289,1
27402,113
27494,132
27527,1
27568,1
27572,1
27599,1
27620,70
27731,1
27737,1
27846,1
27986,1
27993,1
28111,1
28134,1
28242,1
28254,1
28386,1
28511,1
28671,1
28830,1
29020,1
29136,1
29241,162
29342,1
29453,1
29518,1
29804,234
29843,1
29904,1
30025,1
30228,1
30332,1
30431,1
30633,1
30786,1
30849,135
30979,1
31207,1
31270,1
31281,1
31297,1
31348,1
31473,1
31546,1
31833,1
31921,1
32008,1
32171,1
32343,1
32683,1
32911,1
32915,11
32924,1
32972,1
33252,1
33257,1
33301,1
33317,1
33402,1
33563,1
33708,1
33723,1
33742,1
33881,1
33996,1
34074,1
34098,1
34228,1
34250,1
16301,1
16306,1
16379,1
16537,1
16617,1
16632,1
16715,1
16749,1
16805,276
16824,1
16887,1
17033,1
17040,1
17211,1
17271,1
17683,1
17703,1
17750,1
18004,1
18109,1
18126,1
18228,1
18243,1
18402,56
18496,1
18525,1
18545,1
18619,1
18708,1
18714,1
18819,1
18831,1
18974,1
19040,1
19157,1
19168,1
19306,1
19334,106
19385,1
19427,1
19463,267
19556,1
19650,1
19672,1
19780,1
19812,1
19860,1
19912,1
19924,1
19997,1
20002,278
20022,1
20035,1
20118,1
20154,1
20160,1
20177,1
20200,1
20311,1
20913,1
21014,232
21022,1
21123,1
21176,1
21196,1
21227,1
21243,279
21280,1
21284,1
21331,1
21418,1
21450,1
21597,1
21626,1
21666,1
21852,81
21857,169
21943,1
21947,1
22161,1
22202,1
22212,1
22350,1
22476,1
22568,1
22712,1
22743,1
22766,1
22771,1
22863,78
22888,90
23002,1
23185,1
23196,1
23216,1
23253,1
23398,201
23489,101
23844,125
23915,1
24032,1
24072,122
24255,1
24273,1
24571,1
24584,1
24585,1
24699,1
24726,1
24832,1
24956,1
25017,1
25115,1
25168,1
25322,172
25348,1
25353,1
25554,1
25716,72
25761,1
25783,1
25968,146
26057,1
26120,1
26129,1
26274,1
26284,75
26343,157
26391,1
26663,1
26824,1
26834,1
26842,142
26882,1
27007,1
27020,1
27057,1
27059,1
27190,1
27246,1
27274,1
27299,1
27364,1
27522,1
27552,1
27698,1
28002,1
28289,238
28550,1
28576,1
28603,1
28673,1
28870,1
28955,1
29039,1
29080,1
29198,1
29438,1
29528,1
29832,1
30200,86
30282,176
30330,1
30518,1
30661,1
30756,1
30863,1
31135,1
31245,1
31474,1
31497,1
31515,1
31523,1
31663,1
31665,1
31760,1
31916,1
32068,1
32222,231
32292,1
32439,1
32631,1
33062,1
33161,1
33195,1
33223,1
33244,1
33468,1
33578,1
33829,1
34204,1
34246,1
34260,1
16299,1
16346,1
16357,1
16376,1
16384,1
16418,1
16514,1
16540,1
16596,1
16691,1
16692,1
16716,241
16857,1
16883,1
16896,126
17000,1
17023,1
17045,17
17055,66
17212,1
17230,1
17234,1
17290,1
17321,1
17442,1
17465,1
17678,1
17709,1
17721,1
17777,1
17842,147
18016,185
18113,1
18138,1
18232,103
18331,1
18343,1
18408,1
18481,1
18483,1
18490,1
18521,1
18698,1
18820,1
19012,1
19036,223
19137,1
19158,1
19320,1
19323,250
19405,230
19430,1
19531,1
19622,1
19676,1
19677,1
19762,1
19817,1
19891,1
19932,1
20055,1
20086,1
20122,1
20150,1
20181,167
20252,189
20312,1
20938,286
21085,149
21086,1
21127,73
21297,1
21301,1
21343,1
21410,1
21467,1
21561,1
21562,1
21565,1
21670,1
21703,188
21710,1
21777,1
22120,1
22158,84
22273,1
22334,225
22382,149
22459,1
22525,20
22549,35
22595,207
22893,1
22919,1
23075,1
23076,1
23373,1
23425,117
23473,1
23732,1
23871,1
24002,1
24019,1
24123,80
24170,1
24336,1
24392,252
24707,1
24745,1
24838,1
24909,1
24910,1
24955,1
24960,1
24973,1
24993,1
25025,1
25222,4
25309,1
25499,1
25502,1
25517,1
25546,1
25568,1
25578,1
25658,1
25723,1
25736,1
25892,1
25905,201
25932,244
26112,1
26147,1
26231,20
26544,1
26631,1
26852,1
26960,1
27022,1
27103,1
27118,1
27450,284
27495,13
27539,79
27635,1
27720,1
27744,1
27749,1
27774,1
27781,1
28120,1
28159,1
28305,1
28322,1
28390,1
28757,200
28840,1
28963,9
29100,1
29138,165
29165,1
29220,98
29272,1
29365,1
29414,1
29450,1
29486,1
29730,1
29760,20
29837,1
29932,1
30088,1
30434,1
30623,1
30735,1
31033,1
31102,1
31116,168
31203,1
31229,1
31257,1
31433,1
31552,1
31628,1
31674,1
31735,3
31793,1
31805,1
31966,1
32194,1
32246,1
32356,1
32383,1
32411,1
32579,1
32603,237
32622,1
32640,205
32700,1
32702,1
33213,1
33397,33
33478,1
33519,1
33637,1
33689,1
33704,1
33886,1
33900,1
34229,1
34251,1
16295,1
16322,257
16328,1
16351,1
16353,1
16360,1
16385,208
16386,1
16387,1
16391,1
16395,1
16509,1
16519,1
16541,1
16590,1
16646,1
16647,1
16660,1
16723,1
16915,1
16991,1
17020,1
17217,1
17303,1
17919,1
18055,1
18147,1
18148,1
18172,1
18194,1
18324,1
18387,1
18396,1
18418,1
18552,1
18555,1
18576,1
18585,1
18587,1
18610,1
18637,183
18734,1
18794,1
18822,198
18837,1
18872,1
18919,1
18948,1
19292,1
19300,1
19421,1
19424,1
19462,62
19482,1
19497,1
19550,1
19588,12
19678,1
19905,1
19928,1
19943,1
20110,38
20256,1
20460,1
20475,85
20605,1
21138,1
21158,1
21204,41
21216,1
21238,152
21317,224
21475,1
21640,101
21726,1
21776,1
21791,1
21805,1
21816,1
21884,1
22014,104
22103,1
22119,45
22295,116
22401,1
22498,1
22593,1
22673,1
22741,1
22872,1
22965,1
22999,1
23045,1
23060,1
23091,1
23152,1
23255,1
23394,1
23430,261
23532,1
23575,1
23625,1
23718,1
23801,1
23928,1
23951,1
24029,1
24114,1
24127,1
24491,1
24650,1
24651,1
24678,138
24709,1
24980,1
25162,1
25220,1
25241,1
25262,1
25340,1
25365,1
25410,1
25416,1
25445,1
25450,1
25471,1
25532,1
25598,1
25663,1
25747,245
25851,1
26012,1
26016,1
26116,1
26219,1
26230,20
26427,1
26566,1
26635,1
26642,1
26732,20
27404,14
27478,1
27512,1
27557,1
27573,1
27615,1
27616,1
27625,1
27638,1
27655,1
27666,56
27675,1
27729,1
27771,240
27823,1
28075,1
28316,1
28446,1
28531,214
28711,1
28731,1
28837,1
28894,1
28978,1
29003,1
29018,242
29036,1
29061,1
29255,1
29420,1
29500,1
29558,1
29578,1
29748,228
29957,1
30013,1
30153,1
30367,1
30410,1
30642,1
30731,1
30755,1
30879,1
30945,1
31196,1
31226,1
31247,1
31388,1
31455,1
31599,1
31909,1
32205,1
32336,212
32379,1
32394,1
32438,1
32466,1
32467,1
32473,56
32488,1
32569,1
32682,1
32888,1
32895,1
32937,1
33065,1
33135,1
33163,1
33164,1
33318,1
33364,1
33399,1
33483,1
33500,1
33603,1
33616,20
33619,20
33660,1
33718,1
33719,48
33827,1
33859,52
33944,1
34084,1
34129,1
34155,1
34184,1
34276,1
34279,1
16336,1
16339,1
16345,1
16369,270
16574,1
16681,1
16690,1
16706,1
16734,1
16752,1
16818,1
16850,1
16858,1
16941,1
17029,1
17081,1
17222,1
17307,1
17496,1
17724,1
17766,92
18020,82
18283,1
18294,1
18434,1
18460,1
18485,1
18514,1
18519,1
18532,1
18724,1
18818,1
18871,1
18884,1
18909,222
19005,1
19236,1
19256,1
19266,1
19389,1
19409,1
19434,1
19453,1
19552,1
19561,129
19589,1
19606,1
19607,1
19637,1
19808,1
19833,1
19949,1
20026,1
20109,10
20133,1
20151,1
20203,93
20251,1
20263,1
20295,1
20435,1
20677,1
20793,217
20799,1
20867,1
20986,1
21015,1
21174,1
21226,1
21368,1
21443,1
21701,1
21751,1
21817,1
21821,1
21961,1
21989,77
22009,1
22070,60
22240,1
22242,1
22298,1
22337,1
22499,282
22530,1
22533,1
22719,1
22727,1
22768,64
22841,285
22848,21
22856,1
23005,1
23117,124
23217,1
23402,36
23454,1
23468,1
23555,1
23567,1
23618,271
23658,140
23746,1
23891,20
23895,1
23903,1
23960,114
24025,20
24050,1
24105,1
24126,1
24161,1
24315,115
24366,1
24444,1
24449,1
24530,1
24600,1
24777,1
24789,1
25021,137
25075,1
25095,1
25185,260
25413,1
25452,1
25453,1
25474,1
25493,1
25555,1
25719,155
25762,1
25782,1
25817,1
26020,159
26034,1
26179,1
26505,1
26545,1
26596,1
26840,1
26849,1
26863,1
26893,1
26909,1
26940,1
26975,1
27112,1
27403,1
27477,1
27659,128
27722,1
27803,1
27841,1
28007,1
28053,1
28094,1
28252,1
28255,1
28345,1
28451,1
28468,1
28472,1
28518,1
28526,1
28530,1
28535,1
28562,105
28656,1
28716,1
28820,1
28885,1
28898,1
28899,262
28920,1
28931,1
28936,1
28937,1
29024,1
29123,1
29215,1
29312,1
29356,1
29422,1
29461,1
29504,164
29821,1
29851,1
29879,1
30022,1
30090,1
30233,1
30359,1
30628,1
30643,20
30749,1
30836,1
30844,67
30859,1
30880,112
30989,1
31131,243
31277,1
31430,1
31472,1
31519,1
31524,1
31588,1
31654,1
31667,1
31827,1
31842,1
32015,1
32113,1
32147,1
32248,206
32491,1
32599,1
32626,1
32653,1
32666,1
32691,1
32798,1
32812,1
32968,1
33048,1
33063,1
33156,26
33167,1
33220,1
33311,32
33312,1
33451,1
33462,38
33573,1
33612,1
33634,1
33737,1
33796,1
33804,51
33909,1
33954,1
33957,1
34264,1
16287,1
16288,1
16308,1
16325,1
16334,1
16372,202
16374,1
16381,1
16432,1
16508,1
16528,1
16804,1
16877,1
17200,1
17235,1
17308,1
17410,1
17544,94
17545,1
17561,1
17639,193
17717,239
17758,1
17874,1
17934,1
18002,185
18042,1
18066,1
18071,1
18117,1
18144,186
18159,1
18281,1
18368,1
18369,1
18382,117
18400,1
18470,1
18579,177
18653,1
18764,1
18780,1
18989,1
19000,1
19045,1
19051,1
19129,1
19146,180
19498,1
19501,1
19546,1
19580,1
19591,274
19790,1
19804,1
19870,1
19960,27
20113,122
20114,20
20183,31
20429,1
20507,1
20542,1
20611,34
20624,1
20698,1
20705,1
20871,1
20934,186
20973,1
21047,169
21486,1
21543,1
21571,1
21577,1
21582,1
21613,1
21653,1
21677,1
21827,145
21865,1
21963,1
22117,198
22141,139
22355,1
22368,1
22434,1
22448,221
22577,1
22663,1
22667,1
22677,22
22694,1
22742,14
22750,1
22751,1
22769,1
22909,1
22933,1
22977,1
23043,15
23061,1
23145,249
23234,20
23484,268
23486,1
23569,1
23726,71
23736,1
23866,96
23902,1
23914,1
23957,1
24036,1
24060,1
24068,1
24070,1
24074,1
24164,1
24176,196
24201,1
24219,1
24382,1
24406,1
24414,1
24448,1
24452,1
24524,1
24662,1
24720,127
25118,1
25126,1
25192,1
25246,1
25376,14
25393,1
25435,1
25447,1
25541,1
25624,56
25667,1
25672,1
25902,1
26165,1
26180,1
26250,1
26349,20
26350,20
26381,1
26472,1
26474,1
26555,1
26600,1
26678,1
26776,1
26825,1
26900,1
26932,1
26997,1
27038,1
27052,1
27117,1
27200,1
27212,1
27322,1
27370,1
27375,1
27440,1
27444,1
27482,1
27556,1
27609,203
27650,133
27660,1
27661,1
27679,1
27711,1
27716,1
27728,1
27783,226
27807,1
27925,1
27930,1
27946,1
28056,1
28112,1
28128,1
28137,1
28198,1
28204,229
28214,1
28226,215
28227,1
28381,1
28493,1
28504,1
28583,1
28641,1
28650,1
28764,1
28781,1
28790,1
28938,1
29053,1
29068,1
29222,1
29313,1
29336,1
29343,20
29367,1
29378,1
29468,1
29487,151
29499,1
29559,1
29562,1
29697,1
30034,63
30068,1
30076,150
30091,1
30141,1
30177,1
30234,1
30235,1
30388,1
30405,1
30426,1
30597,1
30620,1
30791,1
31025,1
31125,1
31189,1
31200,1
31252,1
31292,73
31306,1
31352,1
31357,1
31359,1
31377,1
31485,1
31629,1
31653,1
31769,1
31835,1
31839,1
31843,1
31901,1
32062,1
32167,1
32225,1
32228,1
32635,1
32675,1
32687,182
32912,1
32934,1
32993,1
33175,1
33250,1
33358,1
33473,1
33491,1
33492,1
33493,1
33521,20
33669,1
33672,1
33720,1
33780,1
33792,1
33835,1
33855,1
33884,1
33974,1
34043,1
34114,1
34126,1
34151,1
34171,1
34173,1
34231,1
34243,1
16766,1
17663,1
17729,1
17819,1
17820,1
17857,1
17985,1
18217,1
18388,1
18398,1
18443,1
18471,1
18518,1
18536,216
18600,1
18633,1
18656,1
18686,1
18810,1
18813,1
18880,1
18955,97
19034,1
19039,1
19211,1
19347,1
19403,1
19446,1
19478,1
19480,1
19539,266
19668,1
19919,1
20023,1
20108,38
20115,1
20131,1
20283,1
20466,1
20498,1
20504,129
20508,1
20722,1
20837,1
21108,1
21113,1
21147,1
21166,1
21202,1
21303,1
21370,153
21371,1
21372,1
21374,1
21403,1
21634,1
21678,1
21679,1
21815,1
21861,1
21948,1
22022,1
22111,1
22116,1
22125,1
22203,20
22205,1
22239,1
22252,1
22344,1
22360,1
22440,1
22472,1
22503,233
22524,255
22527,1
22535,1
22559,1
22642,1
22649,1
22704,1
22731,1
22739,1
22772,1
22793,1
22797,1
22799,1
22800,259
22816,1
22845,1
22865,1
22896,1
22939,1
22957,1
22963,1
22974,1
22978,1
22981,198
23085,173
23168,1
23197,37
23279,102
23377,161
23387,1
23409,1
23418,1
23431,1
23444,1
23481,1
23502,1
23518,1
23615,170
23671,121
23686,1
23712,1
23733,20
23749,1
23752,1
23754,1
23775,1
23782,14
23791,1
23813,1
23827,1
23841,1
23869,1
23876,1
23899,1
23904,1
23921,1
23934,1
23947,1
23959,253
23983,1
23997,1
23998,1
24004,1
24010,1
24013,16
24027,263
24052,1
24063,1
24078,1
24118,1
24132,1
24150,1
24175,1
24177,1
24187,20
24188,107
24211,1
24212,1
24235,191
24247,119
24266,91
24269,1
24272,1
24547,1
24594,1
24792,1
24796,1
25177,1
25196,1
25510,1
25520,1
25525,1
25734,1
26018,88
26019,1
26022,1
26051,1
26052,1
26105,65
26108,1
26117,1
26133,1
26144,100
26163,1
26218,1
26235,1
26243,1
26252,1
26257,1
26361,280
26365,1
26538,1
26547,1
26558,1
26559,1
26609,1
26611,246
26626,20
26639,1
26649,1
26702,1
26703,195
26741,1
26829,171
26870,10
26918,131
26977,154
26980,1
27030,1
27084,1
27105,20
27201,1
27203,1
27211,1
27222,1
27240,1
27258,1
27268,265
27315,1
27358,1
27401,1
27406,1
27457,1
27466,1
27480,1
27519,1
27532,1
27583,1
27682,1
27686,1
27705,1
27758,1
27764,1
27797,1
27798,1
27808,1
27850,24
27872,1
27886,1
27995,1
28011,1
28074,1
28077,1
28113,1
28160,20
28180,1
28185,1
28240,1
28321,1
28362,1
28385,1
28398,1
28399,1
28448,1
28449,1
28487,1
28501,1
28505,181
28510,1
28629,1
28632,1
28633,1
28699,1
28733,1
28857,1
28876,1
28897,1
28939,1
28970,1
29002,1
29041,1
29124,1
29203,1
29228,1
29361,1
29542,1
29584,1
29585,1
29606,1
29679,136
29714,1
29727,1
29770,1
29806,1
29935,1
30062,187
30084,1
30087,1
30094,1
30095,1
30097,1
30098,1
30099,1
30103,158
30133,1
30172,1
30300,1
30301,1
30372,1
30373,1
30380,1
30417,1
30463,1
30567,1
30632,1
30636,1
30720,1
30754,1
30788,1
30889,1
30891,1
30929,1
30977,1
31018,1
31043,87
31093,1
31098,1
31159,1
31344,1
31353,1
31405,76
31420,1
31425,1
31437,1
31504,1
31662,1
31712,1
31774,194
31814,1
31818,1
31863,1
31878,1
31885,1
31896,1
31984,1
32006,273
32013,1
32047,1
32097,29
32187,1
32283,1
32361,1
32370,30
32457,277
32468,1
32469,1
32487,1
32493,1
32512,1
32596,108
32621,35
32689,1
32703,283
32706,1
32732,1
32842,1
32907,1
32996,1
33162,1
33192,1
33230,1
33261,1
33269,1
33302,1
33320,1
33392,1
33446,1
33499,1
33501,1
33520,1
33565,1
33579,1
33621,1
33647,1
33681,1
33683,1
33711,47
33749,1
33759,1
33923,1
33936,1
34085,1
34091,1
34154,68
34170,1
34190,1
34206,1
34212,1
34214,1
34233,1
34274,1
16737,1
17553,1
17728,1
17882,1
18221,1
18467,1
18922,86
19645,1
19776,1
20152,1
20482,1
21394,1
21452,1
21717,1
21916,1
21931,1
22085,1
22188,1
22417,1
22689,1
22765,1
22780,1
22794,1
22795,1
22852,1
22881,1
22903,1
22941,1
22949,1
22950,1
23209,1
23300,1
23322,1
23356,1
23411,1
23466,227
23482,118
23492,1
23723,1
23744,1
23930,1
23958,1
23991,1
23996,1
24005,1
24069,1
24073,197
24077,1
24096,1
24229,1
24243,1
24301,1
24466,89
25101,1
25160,1
25209,1
25647,1
26048,1
26059,1
26149,1
26273,56
26333,1
26347,1
26378,1
26437,1
26438,1
26442,1
26444,1
26594,1
26638,148
26843,123
26845,1
26847,1
26867,1
26933,1
26950,1
26953,1
26983,1
27067,1
27068,1
27082,1
27088,1
27187,1
27294,1
27337,1
27374,1
27379,1
27380,1
27390,1
27396,53
27400,1
27405,1
27421,1
27508,1
27509,1
27510,1
27540,1
27564,1
27630,1
27646,1
27730,1
27752,1
27786,1
27791,1
27822,1
27829,1
27849,1
27852,1
27869,1
27880,1
27883,1
27929,1
27998,1
28041,1
28048,1
28078,1
28083,1
28089,1
28129,1
28141,1
28158,1
28165,1
28179,1
28191,190
28300,1
28315,1
28324,20
28332,1
28342,1
28361,1
28425,1
28426,264
28439,1
28454,1
28459,1
28467,1
28482,74
28486,1
28615,1
28628,1
28648,1
28657,1
28690,1
28724,1
28753,1
28769,1
28770,1
28773,1
28789,1
28794,213
28829,1
28935,1
29085,204
29098,1
29121,1
29199,179
29289,1
29302,1
29345,1
29382,1
29421,1
29423,95
29432,1
29456,1
29469,1
29480,1
29503,1
29514,1
29515,1
29547,1
29555,1
29565,1
29616,1
29675,1
29678,2
29691,1
29731,174
29744,1
29767,1
29791,1
29825,1
29835,1
29859,144
29863,1
29865,1
29899,1
29901,1
29913,281
29937,1
29946,1
29967,1
30008,1
30014,1
30059,130
30093,1
30150,1
30158,1
30195,1
30239,1
30242,1
30272,1
30283,1
30287,1
30324,1
30360,1
30374,1
30383,1
30398,1
30411,1
30412,1
30419,1
30446,1
30461,1
30513,218
30584,1
30605,1
30612,133
30617,1
30652,109
30654,1
30701,1
30703,1
30846,1
30871,220
30878,1
30892,1
30894,20
30913,1
30925,1
30927,1
30935,1
30970,1
30986,99
30990,1
31016,1
31017,1
31024,1
31034,1
31042,1
31049,1
31071,1
31081,173
31101,1
31107,1
31108,1
31111,1
31143,1
31144,1
31154,1
31170,1
31209,1
31211,1
31215,1
31233,1
31242,1
31336,1
31349,1
31361,1
31395,1
31402,1
31438,1
31439,1
31449,134
31450,1
31460,1
31461,1
31479,14
31483,251
31507,1
31508,1
31509,1
31510,1
31531,83
31538,198
31558,1
31610,1
31619,1
31656,1
31658,1
31659,1
31669,1
31685,256
31695,1
31749,1
31754,1
31790,1
31804,20
31816,1
31823,1
31824,1
31828,1
31831,1
31834,1
31837,1
31873,1
31884,1
31888,1
31899,1
31915,1
31919,1
31977,156
31998,1
32020,1
32031,1
32072,1
32127,1
32144,1
32145,1
32217,8
32256,1
32310,1
32340,1
32341,143
32345,49
32409,1
32551,1
32573,1
32601,1
32627,1
32650,1
32661,1
32714,1
32735,1
32789,1
32811,1
32839,5
32840,6
32879,1
32894,1
32908,1
32935,1
32990,18
33124,25
33173,1
33199,1
33207,1
33231,1
33253,1
33256,1
33260,1
33265,1
33335,1
33345,20
33357,1
33375,1
33403,1
33458,38
33464,1
33465,20
33504,1
33511,1
33548,1
33549,1
33564,1
33566,1
33597,1
33598,1
33622,1
33623,1
33627,1
33631,1
33632,42
33644,43
33664,1
33677,46
33678,38
33709,1
33710,1
33713,1
33731,49
33732,1
33751,1
33752,1
33761,1
33777,1
33905,1
33916,1
33922,23
33925,1
33926,1
33928,1
33929,1
33966,55
33969,1
33985,1
33997,1
34003,1
34006,1
34044,1
34052,1
34082,1
34099,1
34130,1
34132,1
34134,1
34138,1
34150,1
34189,1
34199,1
34213,1
34235,1
34249,1
34273,1
21376,1
21624,1
21629,1
21669,1
23063,1
23103,1
23647,1
24030,1
24205,1
26159,1
26237,1
26310,1
26500,1
26586,1
26726,1
26816,1
27085,1
27206,1
27265,1
27324,1
27436,1
27531,111
27645,1
27707,1
27743,1
27784,1
27819,1
27832,1
27842,1
27848,1
27903,1
27919,1
27944,1
28030,1
28308,1
28312,1
28502,1
28506,1
28640,1
28655,1
28694,1
28745,1
28827,1
29047,1
29055,1
29185,1
29347,1
29362,1
29416,1
29441,1
29455,1
29510,1
29539,1
29545,1
29552,1
29660,1
29676,1
29745,1
29749,1
29774,1
29789,1
29818,1
29838,1
29902,1
29912,1
30000,1
30005,1
30089,1
30118,1
30152,57
30154,1
30182,1
30229,1
30237,1
30238,1
30244,1
30286,1
30339,1
30381,1
30396,1
30569,1
30821,1
30835,1
30843,1
30916,1
30946,40
31003,1
31087,1
31126,1
31169,1
31177,1
31190,1
31228,1
31246,1
31486,1
31545,1
31578,1
31591,1
31598,1
31612,163
31661,235
31687,1
31693,1
31751,1
31857,1
31858,57
31862,1
31865,1
31882,1
31907,1
31967,1
31978,1
32163,1
32164,1
32172,1
32175,1
32177,1
32436,1
32465,1
32516,1
32608,1
32696,1
32699,1
32906,1
32910,1
32933,1
33066,1
33074,1
33103,1
33111,23
33145,1
33166,1
33168,28
33291,1
33292,1
33308,1
33337,1
33344,1
33374,1
33395,1
33448,1
33457,1
33545,1
33547,1
33615,1
33648,1
33652,44
33661,1
33667,1
33676,1
33680,1
33727,1
33748,50
33899,1
33910,1
33912,1
33920,53
33946,1
33967,1
33976,1
33990,1
34004,1
34008,23
34033,59
34038,61
34055,1
34083,1
34090,1
34100,1
34119,1
34177,1
34183,1
34193,1
34208,1
34226,1
34230,1
34239,1
34242,1
34280,1
13,1
14,1
24,1
29,1
66,1
75,1
89,1
99,7
122,1
168,1
185,1
207,1
218,1
263,1
265,19
314,1
340,1
367,1
381,1
407,1
454,1
462,1
475,1
511,31
526,1
527,1
548,1
555,1
562,1
565,1
631,1
664,1
681,1
694,1
715,1
723,1
739,1
743,39
801,1
834,1
874,1
881,1
904,1
957,1
966,1
974,1
997,1
1005,1
1051,1
1078,1
1124,1
1144,1
1151,1
1157,1
1163,1
1174,1
1185,1
1261,1
1273,1
1292,1
1336,1
1364,1
1371,1
1380,1
1391,1
1407,1
1409,1
1413,69
1545,1
1552,1
1573,1
1630,1
1632,1
1746,1
1752,1
1819,1
1838,1
1876,1
1896,1
1952,1
1972,1
1985,1
2007,1
2010,1
2022,1
2055,1
2079,1
2082,1
2130,1
2170,1
2218,1
2232,1
2243,1
2268,1
2287,1
2298,1
2327,1
2358,1
2360,1
2377,1
2474,1
2510,1
2552,1
2565,1
2577,1
2581,1
2627,1
2666,1
2668,1
2697,1
2725,1
2731,1
2732,1
2748,1
2756,1
2796,1
2810,1
2811,1
2832,1
2849,1
2868,1
2951,1
3007,1
3049,1
3061,1
3063,1
3123,1
3145,1
3148,1
3153,1
3176,1
3179,1
3189,1
3202,69
3214,1
3248,1
3254,1
3321,1
3322,1
3338,31
3348,1
3375,1
3376,1
3407,1
3424,1
3471,1
3513,1
3522,1
3529,1
3558,1
3559,1
3606,120
3642,1
3678,1
3692,1
3712,1
3759,1
3873,1
3880,1
3884,1
3888,1
3904,1
3907,1
3999,1
4009,1
4102,1
4168,1
4175,1
4207,1
4213,1
4239,1
4248,1
4335,1
4377,1
4383,1
4478,1
4484,1
4562,1
4565,1
4670,1
4697,1
4704,1
4752,1
4768,1
4782,1
4795,1
4838,1
4840,1
4880,1
4890,1
4952,1
4965,1
4966,1
4978,1
5012,1
5026,1
5030,1
5053,1
5056,1
5112,1
5172,1
5195,1
5217,1
5218,1
5284,1
5321,1
5352,1
5359,35
5366,1
5368,1
5408,1
5435,1
5460,1
5467,1
5506,1
5509,1
5532,1
5542,1
5557,1
5560,1
5601,1
5623,1
5633,1
5642,1
5646,1
5651,1
5670,120
5685,1
5701,1
5734,1
5759,1
5830,1
5834,1
5835,1
5844,1
5878,1
5890,1
5969,1
5984,1
5995,1
6016,1
6050,1
6082,1
6099,1
6106,1
6144,1
6161,1
6216,1
6242,1
6280,1
6311,1
6312,1
6322,1
6335,1
6429,1
6530,1
6562,1
6592,1
6631,1
6685,1
6688,1
6715,1
6786,1
6794,1
6828,1
6833,1
6852,1
6933,1
6941,1
6962,1
6970,1
6976,1
7009,1
7018,1
7038,1
7054,39
7071,1
7181,1
7224,139
7238,1
7321,1
7349,1
7353,1
7420,1
7439,1
7443,1
7460,1
7495,1
7511,1
7515,1
7534,1
7536,1
7581,1
7601,1
7744,1
7788,1
7791,1
7796,1
7810,1
7813,1
7819,1
7912,1
7949,1
7975,1
7987,1
8002,1
8007,1
8023,1
8035,1
8036,1
8056,1
8061,1
8144,1
8179,1
8273,199
8292,1
8380,1
8414,1
8430,1
8466,1
8470,1
8482,1
8487,1
8513,1
8517,1
8530,1
8596,1
8598,201
8617,1
8619,1
8627,1
8630,1
8631,1
8647,1
8664,31
8696,1
8719,1
8724,1
8764,1
8782,1
8783,1
8804,1
8809,1
8813,1
8815,1
8830,1
8910,1
8969,1
9091,1
9098,1
9100,1
9106,1
9141,1
9164,120
9166,1
9170,1
9176,209
9236,1
9248,1
9264,1
9269,1
9270,1
9291,1
9294,1
9295,1
9318,1
9330,1
9369,1
9383,1
9387,1
9390,1
9409,1
9424,1
9466,1
9645,1
9649,1
9692,1
9706,1
9791,1
9799,1
9859,1
9986,1
10019,1
10035,1
10081,1
10085,1
10151,1
10166,219
10195,1
10231,1
10255,1
10274,1
10278,1
10290,1
10305,1
10329,1
10365,1
10375,201
10389,1
10402,1
10440,1
10452,1
10540,1
10546,1
10567,1
10582,1
10621,1
10634,1
10653,1
10662,1
10667,1
10672,1
10673,1
10677,1
10770,1
10981,1
10990,1
10996,1
11055,1
11079,1
11112,1
11152,1
11154,1
11155,1
11172,1
11183,1
11196,1
11230,1
11242,1
11257,1
11259,1
11299,1
11308,1
11343,1
11365,209
11371,1
11408,1
11443,1
11485,1
11506,1
11519,1
11596,1
11600,1
11617,1
11642,1
11683,1
11700,1
11836,1
11861,1
11884,1
11896,1
11897,1
11939,1
11941,1
11958,1
12015,1
12057,1
12063,1
12088,1
12108,1
12155,1
12228,1
12342,1
12347,1
12365,1
12388,1
12389,248
12396,1
12490,1
12505,1
12567,1
12581,1
12582,1
12599,1
12623,1
12677,1
12682,1
12693,1
12702,1
12739,1
12745,1
12746,1
12755,1
12781,1
12784,1
12797,1
12800,1
12816,1
12819,1
12828,1
12864,1
12866,1
12876,1
12902,1
12916,1
12927,1
12958,1
12997,1
13058,1
13074,1
13086,1
13285,1
13318,1
13334,1
13383,199
13406,1
13426,1
13436,1
13536,1
13584,1
13589,1
13617,1
13627,1
13634,1
13657,1
13705,1
13735,1
13743,1
13764,19
13765,1
13775,1
13781,258
13798,1
13941,1
13947,1
13950,1
14009,1
14030,1
14032,1
14043,1
14118,1
14121,1
14179,1
14191,1
14203,1
14206,1
14208,1
14210,1
14230,1
14241,1
14272,1
14300,1
14321,69
14323,1
14334,1
14360,1
14367,1
14385,1
14418,1
14460,1
14479,1
14491,1
14532,1
14538,1
14557,1
14571,1
14632,1
14642,1
14644,1
14673,1
14682,1
14700,1
14714,1
14716,1
14725,1
14755,1
14762,1
14846,1
14848,1
14874,269
14895,1
14930,1
14957,1
14981,1
15007,1
15029,1
15052,1
15054,1
15080,1
15097,272
15143,1
15163,1
15223,1
15259,275
15291,1
15308,1
15333,1
15347,1
15365,1
15374,1
15377,1
15393,1
15440,1
15452,139
15459,1
15478,1
15510,1
15517,1
15554,1
15609,1
15671,1
15682,1
15698,1
15707,1
15719,1
15739,1
15777,1
15801,1
15815,1
15860,209
15879,1
15880,1
15909,1
15934,1
15936,1
15950,1
15954,1
15956,1
15973,1
15995,1
16035,1
16051,1
16091,7
16121,1
16174,1
16245,1
82,1
131,1
132,1
142,1
145,1
161,1
219,1
280,1
290,1
317,1
357,1
405,1
417,1
422,1
531,1
617,1
654,34
658,1
728,1
761,1
788,1
855,1
870,1
880,1
894,1
903,1
909,1
910,1
923,1
970,1
972,1
1025,1
1040,1
1123,1
1177,54
1246,58
1247,1
1262,1
1288,1
1291,1
1376,1
1452,1
1461,70
1463,1
1467,1
1468,1
1475,11
1521,1
1556,1
1598,1
1607,1
1656,1
1672,1
1679,1
1706,1
1718,1
1737,1
1745,11
1836,1
1886,1
1903,1
1924,1
1970,1
1979,1
2062,1
2090,1
2098,1
2189,1
2210,1
2214,1
2267,1
2364,1
2389,1
2393,1
2396,1
2409,1
2419,1
2479,1
2506,1
2563,1
2594,1
2700,1
2723,1
2754,1
2805,1
2819,1
2873,1
2904,1
2940,1
2953,1
2964,1
2986,1
2995,110
3050,1
3066,1
3099,1
3116,1
3167,1
3168,113
3190,1
3197,1
3269,1
3286,1
3337,1
3425,1
3435,1
3508,1
3556,1
3573,1
3631,1
3653,1
3663,1
3745,1
3807,1
3896,1
3936,1
3987,1
3995,1
4007,1
4027,132
4040,1
4045,1
4099,70
4122,1
4208,1
4270,1
4278,1
4306,135
4346,1
4362,1
4392,1
4437,1
4447,1
4501,1
4601,1
4608,1
4620,1
4632,1
4635,141
4641,1
4647,1
4724,1
4757,1
4759,1
4798,1
4887,1
4915,1
4975,1
4981,1
4992,135
5025,1
5045,1
5161,1
5209,1
5231,1
5263,1
5268,1
5347,1
5360,1
5422,1
5424,1
5432,1
5466,1
5502,1
5520,1
5563,1
5627,1
5643,1
5656,1
5679,1
5749,101
5794,1
5805,1
5808,1
5829,160
5832,1
5860,1
5881,162
5917,1
5955,1
6042,135
6045,1
6049,1
6072,1
6094,1
6096,1
6125,1
6152,1
6203,166
6248,1
6266,1
6327,1
6329,1
6421,1
6433,1
6641,1
6647,1
6687,1
6692,1
6725,1
6726,1
6735,175
6830,1
6834,1
6876,178
6957,1
7004,1
7062,1
7077,184
7087,1
7091,1
7107,1
7118,1
7248,1
7294,34
7311,1
7400,1
7435,1
7454,1
7508,1
7564,1
7572,1
7593,1
7595,1
7598,1
7602,1
7634,1
7651,1
7653,1
7683,1
7688,1
7708,1
7714,1
7718,34
7728,192
7834,1
7886,1
7909,1
8026,1
8043,1
8114,184
8177,1
8208,1
8256,1
8317,1
8327,1
8344,1
8374,1
8376,1
8390,1
8431,1
8435,1
8578,1
8582,1
8590,1
8688,1
8714,1
8734,1
8736,1
8744,1
8754,178
8839,1
8848,1
8894,1
8950,1
8976,1
8996,1
9035,1
9050,1
9078,1
9110,1
9128,1
9149,1
9157,1
9193,1
9199,1
9200,1
9213,1
9245,210
9275,211
9300,1
9328,1
9338,1
9437,1
9469,1
9521,1
9547,1
9592,1
9603,1
9610,1
9635,1
9715,1
9716,1
9761,1
9809,1
9843,1
9855,1
9870,1
9903,1
9911,1
9924,1
9941,1
9956,1
9991,1
10009,1
10064,1
10096,1
10106,1
10113,1
10189,1
10213,1
10227,1
10306,1
10314,1
10362,1
10460,1
10501,1
10529,1
10551,110
10589,1
10593,1
10617,1
10682,1
10693,1
10705,1
10753,1
10759,1
10760,1
10783,1
10832,1
10942,1
10958,1
10971,1
11008,1
11026,1
11034,1
11039,1
11042,135
11162,1
11279,1
11281,101
11282,1
11304,1
11349,1
11355,1
11369,1
11402,1
11404,1
11423,1
11438,1
11462,1
11499,234
11504,1
11526,1
11537,1
11614,1
11641,236
11678,1
11696,132
11783,1
11858,1
11864,1
11878,1
11966,1
11983,1
11989,1
12031,54
12033,1
12055,1
12071,1
12082,1
12119,1
12131,1
12135,1
12168,113
12232,1
12275,1
12277,132
12297,1
12305,247
12312,1
12333,1
12345,1
12398,1
12438,1
12442,1
12453,1
12478,1
12499,1
12565,1
12620,1
12645,1
12715,1
12716,1
12723,1
12803,1
12809,1
12890,1
12954,1
13005,1
13014,1
13023,1
13037,1
13146,1
13150,254
13180,166
13199,1
13219,1
13237,1
13269,1
13361,101
13364,1
13378,1
13457,1
13505,1
13532,254
13569,1
13609,1
13646,1
13662,1
13692,1
13732,1
13750,1
13802,1
13854,1
13888,1
13957,1
13994,1
14026,1
14154,1
14182,1
14194,1
14195,1
14197,1
14199,1
14212,1
14231,1
14274,1
14357,1
14386,1
14439,1
14478,1
14492,1
14525,1
14547,1
14561,1
14564,1
14615,1
14618,1
14662,1
14687,1
14692,1
14706,1
14743,1
14792,1
14813,1
14823,1
14833,254
14851,1
14915,1
15085,1
15090,1
15107,1
15195,1
15230,1
15343,1
15401,1
15426,101
15520,1
15536,1
15574,1
15606,1
15642,101
15645,1
15665,1
15717,178
15722,1
15743,141
15764,1
15776,234
15781,1
15791,160
15821,1
15833,1
15841,1
15887,1
15914,1
15917,1
15944,1
16060,1
16133,1
16199,1
16220,1
16224,1
16227,1
16248,1
50,1
59,1
86,1
108,1
133,1
190,1
386,1
400,1
408,1
432,1
554,1
621,1
765,1
778,1
863,1
1111,1
1159,1
1167,1
1178,1
1181,1
1203,56
1228,1
1229,1
1342,1
1361,1
1387,1
1400,1
1489,1
1510,72
1544,1
1570,1
1580,1
1588,1
1600,1
1616,75
1640,78
1665,1
1689,81
1702,1
1724,1
1779,1
1780,1
1822,1
1831,1
1851,1
1923,1
2000,1
2058,1
2138,1
2264,1
2296,90
2333,1
2359,90
2536,1
2560,1
2562,101
2656,1
2702,1
2711,1
2712,1
2755,1
2767,106
2938,1
2965,1
2988,1
3000,1
3023,1
3070,1
3090,1
3237,1
3541,1
3571,1
3674,1
3715,1
3791,1
3853,125
3861,75
3914,1
4029,1
4034,1
4226,1
4230,1
4272,1
4292,1
4314,1
4347,1
4360,1
4379,1
4389,1
4431,1
4546,1
4563,1
4668,1
4679,142
4706,1
4742,1
4746,1
4755,146
4775,1
4802,1
4824,1
4835,1
4851,1
4855,1
4856,1
4888,1
5020,1
5035,1
5047,1
5066,1
5096,1
5147,1
5152,1
5200,1
5251,1
5285,1
5341,1
5471,75
5531,157
5655,1
5705,1
5709,1
5729,1
5788,1
5851,1
5905,1
6068,1
6182,1
6189,1
6210,1
6214,1
6234,1
6272,1
6350,1
6355,1
6359,1
6383,1
6418,169
6540,172
6568,1
6584,1
6657,1
6664,1
6686,101
6749,176
6804,1
6889,1
6989,1
7008,1
7029,1
7058,1
7063,1
7117,1
7133,1
7148,1
7171,1
7188,1
7204,1
7207,1
7236,1
7352,1
7386,1
7416,1
7421,1
7488,1
7540,1
7544,1
7565,1
7675,1
7678,1
7702,1
7767,1
7803,1
7820,1
7974,1
7993,1
8087,1
8098,1
8107,1
8134,1
8206,1
8298,78
8332,56
8357,1
8372,1
8410,1
8486,1
8506,1
8572,1
8579,1
8602,1
8610,1
8640,1
8703,1
8753,1
8781,1
8882,1
8916,1
8959,1
8964,1
8979,101
8988,1
8990,1
9029,1
9060,1
9067,1
9074,1
9123,1
9147,1
9255,1
9287,1
9325,1
9386,122
9428,1
9522,1
9552,1
9571,1
9572,1
9595,122
9618,176
9623,1
9696,1
9743,1
9851,1
9884,1
9922,1
9939,1
9942,1
9955,1
9992,1
10031,1
10066,1
10075,1
10135,1
10146,1
10291,1
10327,1
10366,1
10384,1
10388,1
10408,1
10445,1
10475,1
10478,1
10715,1
10730,1
10757,1
10815,1
10819,1
10831,1
10835,1
10857,1
10925,1
10951,1
10956,1
10972,1
11017,1
11031,1
11032,1
11070,1
11085,1
11249,231
11270,232
11274,1
11321,1
11338,1
11348,1
11364,1
11403,1
11410,1
11454,1
11456,1
11523,1
11565,1
11592,1
11608,1
11719,1
11720,238
11743,1
11774,1
11782,1
11798,1
11971,1
12025,86
12086,1
12170,1
12176,1
12218,1
12236,1
12293,1
12340,157
12356,1
12406,1
12422,1
12446,1
12448,1
12455,1
12501,1
12553,1
12619,1
12630,1
12648,1
12722,1
12783,1
12789,1
12839,1
12870,1
12969,1
12978,1
12999,1
13004,1
13009,1
13013,1
13020,169
13030,1
13069,1
13145,1
13160,1
13176,1
13186,1
13191,1
13266,1
13279,1
13333,1
13373,1
13376,1
13412,1
13486,1
13509,1
13587,1
13601,1
13631,1
13639,1
13650,1
13680,1
13849,1
13852,1
13861,1
13873,1
13913,86
13925,1
13933,1
13975,1
13982,1
14126,1
14131,1
14233,1
14316,1
14441,1
14475,1
14517,267
14563,1
14600,1
14703,1
14738,1
14754,157
14822,157
14856,1
14858,1
14901,1
14934,1
14988,1
15051,1
15061,1
15141,1
15176,1
15184,1
15188,1
15209,101
15264,276
15290,1
15293,1
15314,1
15323,56
15373,1
15382,1
15406,1
15467,1
15511,231
15528,1
15532,1
15576,1
15664,1
15677,1
15728,278
15729,1
15754,1
15775,1
15818,279
15822,1
15901,125
16074,56
16079,1
16081,1
16110,1
16158,157
16210,1
16217,1
35,3
54,4
79,1
107,9
111,1
162,13
204,1
224,17
243,1
260,1
406,1
423,1
446,1
455,3
469,1
542,20
557,1
590,1
635,1
657,35
672,1
676,1
691,1
975,1
1139,1
1162,1
1188,1
1341,1
1349,66
1350,1
1369,1
1536,1
1555,1
1650,1
1670,79
1673,80
1684,33
1716,1
1761,1
1799,1
1800,84
1802,1
1852,1
1857,1
1872,1
1932,1
1953,1
1974,1
2023,1
2027,1
2038,1
2040,13
2067,1
2073,1
2110,1
2124,1
2207,1
2318,1
2357,1
2383,1
2441,1
2466,1
2472,1
2551,1
2554,98
2607,103
2640,84
2675,1
2705,1
2761,1
2826,1
2845,1
2907,1
2915,1
2936,1
2943,1
2962,1
3164,1
3213,1
3218,1
3349,1
3451,1
3461,1
3500,1
3505,1
3533,98
3677,1
3770,1
3890,126
3952,1
3961,1
3972,1
3984,1
4004,1
4250,1
4277,1
4354,1
4424,1
4526,1
4597,1
4606,1
4657,1
4664,1
4665,1
4777,1
4783,1
4822,20
4870,147
4900,149
4971,1
5003,1
5081,1
5090,1
5105,1
5291,1
5338,1
5383,1
5438,1
5510,1
5525,1
5554,1
5645,1
5792,1
5838,1
5884,1
5885,1
5902,1
5920,1
6078,1
6124,1
6181,165
6233,1
6246,167
6265,168
6321,84
6478,1
6544,1
6614,1
6619,1
6773,1
6774,1
6839,1
6851,1
6859,117
6860,1
6928,1
7048,1
7084,1
7086,147
7161,1
7274,1
7379,1
7396,188
7427,189
7452,1
7492,1
7537,20
7575,1
7632,1
7753,1
7801,1
7883,1
7904,1
7921,1
7938,1
8113,1
8142,185
8161,1
8164,1
8384,1
8447,1
8515,200
8738,1
8759,1
8778,1
8858,205
8867,1
8900,1
8991,1
8995,207
9032,1
9064,1
9182,1
9215,1
9219,1
9268,1
9289,1
9442,1
9485,1
9526,1
9559,1
9626,1
9666,1
9670,1
9713,13
9745,1
9757,1
9758,33
9827,205
9897,200
9925,1
9926,1
9987,1
10030,1
10072,1
10145,1
10170,1
10172,1
10179,1
10180,1
10193,1
10230,1
10239,1
10296,20
10372,1
10382,1
10468,1
10494,1
10575,1
10578,1
10588,1
10649,1
10676,1
10739,1
10748,223
10821,225
10829,1
10836,1
10845,1
10863,149
10871,1
10890,1
10902,1
10903,1
10936,1
11046,1
11095,1
11097,1
11103,1
11149,1
11166,205
11170,167
11211,1
11247,230
11310,1
11334,1
11376,1
11388,1
11444,1
11469,20
11489,1
11541,73
11599,1
11612,1
11710,237
11723,1
11758,1
11767,1
11800,1
11908,1
11924,1
11926,1
11944,241
12049,1
12090,1
12115,244
12137,1
12206,1
12258,1
12394,1
12466,1
12491,1
12549,1
12561,1
12681,1
12714,1
12788,1
12792,1
12796,250
12798,1
12926,1
12931,1
12940,200
12957,1
13000,252
13127,1
13143,20
13173,1
13175,1
13177,1
13206,147
13213,1
13249,1
13256,1
13260,1
13298,1
13366,1
13411,1
13415,1
13461,1
13530,185
13533,1
13551,1
13632,1
13658,1
13660,1
13782,1
13807,1
13825,1
14010,1
14035,66
14036,1
14065,1
14077,1
14108,188
14120,1
14143,1
14160,1
14200,1
14232,1
14234,1
14290,1
14358,1
14433,17
14477,13
14656,1
14711,1
14872,1
14944,1
14992,1
15045,1
15108,1
15117,1
15160,1
15165,1
15257,1
15278,1
15329,20
15363,1
15385,103
15461,1
15614,1
15630,13
15744,1
15758,1
15770,1
15802,1
15843,1
15885,1
15888,1
16021,103
16052,284
16067,1
16182,1
16225,286
1,1
25,1
109,1
151,12
246,1
253,1
394,1
401,1
461,1
468,1
477,1
534,1
636,1
674,20
704,1
808,1
824,1
854,41
892,45
911,1
988,1
1008,1
1142,1
1197,1
1205,1
1238,1
1250,1
1268,1
1282,62
1360,1
1408,1
1419,1
1440,38
1519,1
1551,1
1601,1
1617,48
1641,1
1643,1
1717,56
1795,1
1801,1
1818,56
1820,1
1862,1
1878,1
1914,85
1999,1
2003,1
2021,1
2031,1
2086,1
2109,1
2150,1
2168,1
2209,1
2217,1
2303,1
2366,1
2405,1
2416,1
2435,1
2447,1
2468,1
2498,1
2508,1
2517,1
2580,1
2592,1
2623,104
2659,1
2686,1
2717,1
2776,1
2784,41
2833,1
2836,1
2893,1
2929,1
3006,1
3068,1
3183,14
3186,45
3224,1
3235,1
3242,1
3315,1
3351,1
3356,116
3440,1
3452,1
3557,1
3649,1
3675,1
3821,1
3851,1
4323,1
4414,138
4578,1
4585,1
4589,1
4604,1
4729,1
4761,1
4788,1
4813,1
4846,1
4906,1
4941,1
4956,1
5021,1
5060,1
5079,152
5085,1
5124,1
5204,1
5256,1
5270,1
5344,1
5353,1
5374,1
5393,1
5397,1
5409,1
5423,1
5445,1
5462,1
5603,1
5626,1
5690,1
5710,1
5717,1
5731,1
5889,1
5894,1
5908,1
5962,1
6061,1
6164,1
6218,1
6276,1
6298,1
6307,1
6315,1
6353,1
6374,1
6381,1
6499,1
6531,1
6698,1
6710,1
6718,1
6751,1
6763,1
6784,1
6809,1
6874,1
6886,1
7074,1
7075,183
7163,1
7231,1
7390,1
7392,1
7426,1
7471,52
7616,1
7672,20
7677,1
7691,1
7730,1
7778,1
7850,12
7855,1
7894,1
7936,1
7942,1
7988,1
8001,1
8006,1
8048,1
8152,1
8231,14
8237,1
8246,1
8252,1
8268,1
8274,1
8283,1
8334,1
8360,1
8378,1
8385,1
8417,1
8518,1
8623,152
8642,1
8702,1
8727,1
8747,1
8765,1
8766,1
8771,1
8857,1
8877,1
8899,1
8919,1
8967,1
9018,1
9024,1
9052,1
9076,208
9132,1
9138,1
9145,1
9183,1
9226,1
9339,1
9352,1
9388,1
9429,1
9500,104
9561,1
9614,1
9624,212
9673,14
9769,1
9821,214
9856,1
9867,1
9888,20
9901,1
9938,1
9995,1
10008,1
10086,1
10114,1
10194,1
10210,20
10215,1
10218,1
10273,1
10320,1
10404,1
10433,1
10450,1
10458,1
10467,1
10499,1
10533,1
10607,1
10630,1
10778,1
10781,1
10803,224
10966,1
10978,1
11027,1
11043,1
11115,1
11135,228
11161,1
11219,1
11256,1
11322,1
11326,1
11351,1
11358,152
11451,1
11472,1
11525,1
11540,1
11583,1
11813,1
11815,1
11888,240
11921,1
11927,1
11975,1
11987,1
12016,1
12027,1
12028,242
12050,1
12067,1
12075,1
12121,1
12263,245
12271,45
12281,1
12286,1
12288,1
12301,1
12330,1
12359,1
12385,1
12439,38
12441,1
12475,1
12513,1
12546,1
12558,1
12563,152
12588,1
12629,1
12633,1
12730,1
12775,1
12776,1
12838,1
12857,1
12905,1
12998,198
13019,1
13046,1
13080,1
13151,1
13301,1
13325,1
13371,1
13474,1
13528,1
13573,1
13586,1
13595,1
13607,1
13677,1
13685,212
13701,1
13720,257
13742,1
13842,1
13894,261
13911,198
14022,1
14112,1
14123,1
14140,1
14147,1
14273,1
14298,1
14349,1
14379,1
14431,1
14454,1
14455,208
14480,245
14549,1
14610,1
14646,56
14753,1
14794,198
14812,1
14825,1
14880,1
14904,1
14966,257
15100,20
15197,1
15229,1
15344,1
15359,101
15408,1
15422,1
15423,1
15533,1
15578,1
15638,62
15676,1
15749,1
15753,1
15762,20
15763,1
15787,1
15793,62
15896,1
15989,1
16039,1
16049,1
16089,1
16104,1
16171,1
16198,1
78,1
150,1
154,1
165,1
188,1
201,1
208,1
241,1
249,1
288,20
313,21
334,1
359,1
362,1
476,1
630,1
638,1
668,36
798,1
835,1
868,1
921,1
963,26
995,1
1058,1
1079,1
1095,1
1147,1
1152,1
1170,1
1245,1
1257,1
1269,60
1326,64
1381,67
1411,1
1429,1
1477,1
1505,1
1512,1
1528,1
1595,1
1597,1
1623,77
1658,1
1729,1
1766,1
1767,82
1873,1
1955,1
1957,1
2053,1
2095,1
2259,1
2291,1
2402,92
2406,93
2413,1
2448,1
2467,1
2528,1
2532,1
2547,1
2661,105
2688,1
2740,1
2757,1
2820,1
2865,1
2949,1
3021,1
3074,1
3138,112
3211,1
3215,1
3216,114
3231,1
3238,1
3310,115
3342,1
3363,1
3489,1
3496,1
3547,1
3767,1
3803,1
3850,124
3906,93
3911,1
3937,128
3958,129
4013,1
4036,1
4065,1
4127,1
4149,1
4171,1
4229,1
4325,51
4384,1
4387,137
4439,1
4489,1
4528,1
4536,129
4552,1
4569,140
4680,1
4690,1
4726,1
4779,1
4815,1
4833,1
4862,1
4874,1
4961,82
5111,1
5129,1
5211,1
5248,1
5325,155
5475,1
5558,1
5609,1
5714,1
5740,1
5772,1
5796,159
5817,1
5839,1
5875,1
5877,1
6040,1
6058,1
6073,1
6084,1
6110,164
6147,10
6170,1
6180,1
6196,1
6199,105
6249,1
6270,1
6288,1
6308,115
6337,1
6340,1
6341,1
6362,1
6411,1
6424,1
6457,1
6492,92
6546,1
6598,1
6613,92
6713,1
6842,1
6894,1
6922,26
6965,1
7026,1
7043,1
7126,1
7245,1
7377,1
7393,1
7584,1
7609,1
7643,1
7725,1
7736,1
7755,164
7914,1
7981,1
8015,1
8051,1
8081,1
8110,1
8132,1
8163,164
8165,1
8178,1
8193,1
8202,1
8205,1
8239,1
8263,1
8313,1
8318,1
8386,1
8484,1
8546,1
8629,1
8701,1
8711,1
8718,1
8834,26
8902,1
8926,1
8928,1
8929,206
9017,164
9051,1
9065,1
9235,124
9312,1
9354,64
9426,1
9543,164
9663,1
9755,1
9793,1
9812,1
9813,1
9814,1
9920,10
9961,1
10026,217
10057,1
10063,1
10108,20
10174,1
10175,1
10214,164
10226,1
10248,1
10256,1
10264,1
10297,1
10407,1
10431,20
10490,1
10612,140
10640,1
10654,26
10661,222
10683,1
10752,1
10860,1
10875,1
10906,1
10934,164
10988,1
11057,1
11068,26
11189,1
11251,20
11289,1
11292,1
11298,1
11361,1
11372,1
11427,1
11439,1
11611,1
11701,1
11742,1
11777,1
11784,1
11840,1
11871,1
11933,1
11959,1
11965,1
11979,1
12002,1
12083,1
12100,1
12107,243
12113,1
12114,1
12116,1
12145,1
12196,243
12225,1
12327,1
12437,1
12507,1
12510,1
12517,1
12533,1
12572,1
12580,1
12697,1
12704,137
12712,164
12752,1
12807,1
13027,222
13040,1
13081,1
13138,1
13155,1
13162,26
13182,1
13187,155
13265,1
13303,1
13315,1
13352,1
13359,1
13372,1
13398,155
13460,1
13482,1
13499,1
13501,1
13514,64
13566,1
13635,60
13636,1
13768,1
13773,1
13787,1
13826,105
13885,260
13926,1
13949,262
13958,114
14005,1
14039,1
14045,1
14051,1
14246,20
14265,1
14400,1
14425,1
14593,1
14713,1
14747,1
14862,1
14864,38
14909,270
14919,1
14932,1
14959,1
14986,271
14997,1
15028,1
15073,164
15102,155
15103,1
15125,1
15151,260
15164,1
15247,1
15262,1
15371,105
15483,1
15506,1
15525,1
15571,26
15686,1
15840,20
15872,1
15926,282
15963,112
15983,32
15996,1
16112,1
16118,1
16185,1
16189,285
16237,1
120,1
193,1
200,15
216,1
222,1
228,1
230,1
325,1
333,22
336,1
378,1
382,1
388,1
392,27
397,1
403,1
448,1
456,1
478,1
580,1
632,1
655,1
666,1
745,1
817,1
931,1
967,1
981,20
1022,1
1030,1
1053,1
1073,1
1080,1
1090,1
1106,1
1109,1
1143,1
1149,1
1172,1
1267,1
1309,63
1415,27
1437,1
1474,1
1478,71
1496,1
1522,73
1635,1
1667,1
1698,1
1715,1
1740,1
1743,1
1824,1
1882,1
1943,1
1956,1
1964,1
2005,1
2044,1
2147,1
2163,1
2169,1
2171,1
2172,1
2212,1
2228,1
2284,1
2289,20
2299,1
2305,1
2354,1
2418,94
2542,96
2602,1
2615,1
2690,1
2714,1
2729,1
2749,20
2794,1
2824,1
2831,1
2837,1
2937,1
2981,1
3033,1
3082,1
3107,1
3230,1
3291,73
3296,1
3362,117
3417,1
3420,56
3438,1
3486,1
3581,20
3601,1
3603,1
3628,1
3721,1
3764,122
3798,1
3816,1
3882,1
3913,127
3978,1
3998,1
4006,1
4060,1
4064,133
4189,1
4284,1
4318,31
4322,1
4396,1
4457,1
4474,1
4537,139
4623,1
4625,1
4634,1
4642,1
4674,1
4708,1
4731,1
4749,145
4853,1
4904,1
4907,1
4920,150
4928,1
4945,1
4972,1
4986,1
5038,151
5101,1
5115,1
5140,1
5149,1
5257,1
5301,1
5323,1
5328,1
5358,1
5371,1
5420,1
5426,1
5448,1
5496,1
5567,1
5571,1
5580,1
5708,1
5761,15
5762,1
5789,1
5802,1
5813,1
5842,1
5858,1
5916,1
5949,1
6026,1
6030,1
6091,1
6113,1
6131,1
6169,1
6195,1
6208,1
6296,1
6347,1
6349,1
6360,1
6372,1
6463,1
6497,1
6534,20
6574,1
6600,1
6605,1
6615,1
6629,1
6646,1
6760,1
6791,177
6793,1
6802,96
6847,1
6849,1
6867,1
6903,1
6967,180
7010,1
7031,1
7059,182
7168,122
7172,1
7225,1
7244,1
7263,1
7317,1
7322,1
7323,185
7330,14
7380,186
7406,1
7407,20
7502,1
7546,1
7563,1
7619,1
7822,14
7824,193
7873,1
7908,1
7939,196
7970,1
8050,1
8069,1
8079,1
8105,73
8112,20
8126,1
8137,1
8154,1
8192,1
8238,1
8361,1
8363,1
8371,1
8395,1
8419,34
8477,1
8490,1
8492,1
8516,185
8569,1
8585,1
8586,1
8633,1
8657,202
8660,203
8667,1
8707,1
8740,1
8887,1
8891,1
8998,1
9059,1
9104,1
9115,20
9125,1
9126,1
9143,1
9197,1
9261,1
9319,1
9322,1
9414,1
9425,1
9445,1
9477,1
9506,1
9541,1
9557,1
9569,1
9650,1
9655,1
9752,1
9832,1
9846,215
9847,1
9883,1
9957,1
9998,1
10043,1
10073,1
10103,1
10147,1
10184,1
10217,1
10268,1
10298,1
10321,1
10322,1
10331,1
10343,203
10368,1
10371,1
10415,1
10505,221
10513,1
10547,1
10555,1
10601,1
10646,122
10660,1
10674,1
10680,1
10800,20
10809,1
10828,226
11088,1
11122,1
11143,1
11159,229
11195,34
11204,122
11235,20
11381,1
11488,1
11558,73
11559,1
11572,1
11602,1
11618,1
11653,1
11663,1
11673,1
11736,1
11747,1
11771,1
11790,239
11857,1
11898,1
11923,1
11936,1
11981,1
12010,1
12081,1
12171,1
12209,1
12214,1
12272,1
12298,1
12331,1
12358,1
12373,1
12402,249
12426,1
12457,1
12541,1
12560,1
12585,1
12596,1
12600,1
12708,1
12713,20
12763,1
13008,1
13066,1
13076,1
13101,1
13129,1
13135,1
13161,20
13261,1
13336,185
13459,1
13513,1
13523,1
13527,1
13552,1
13567,1
13606,1
13649,1
13659,1
13679,1
13706,1
13752,1
13758,1
13760,1
13762,177
13788,1
13878,1
13893,1
13936,133
13995,1
14015,1
14017,20
14042,14
14057,20
14059,20
14073,1
14161,1
14220,1
14254,1
14259,1
14271,1
14310,1
14312,1
14313,1
14340,1
14342,1
14389,1
14399,1
14471,1
14485,1
14580,56
14585,1
14607,1
14619,268
14631,1
14717,1
14737,1
14772,1
14776,1
14781,1
14882,1
14926,226
15014,1
15066,1
15076,1
15079,1
15122,1
15171,274
15183,1
15217,1
15295,1
15305,1
15340,1
15390,1
15396,1
15397,1
15407,1
15415,20
15432,1
15439,1
15481,1
15514,1
15553,1
15604,1
15626,1
15631,1
15652,15
15658,1
15673,1
15750,1
15842,1
15844,1
15869,133
15877,1
15899,1
15929,1
15997,182
16003,56
16027,1
16082,193
16083,1
16088,1
16106,1
16131,1
16132,1
16140,1
16177,1
16194,20
68,1
121,1
129,10
181,14
223,16
254,1
267,1
351,24
390,1
413,1
419,29
438,30
496,1
519,1
540,1
547,1
561,1
582,1
589,1
594,1
598,1
616,1
639,1
645,1
684,37
703,1
712,1
722,1
751,1
768,1
832,1
884,1
933,1
959,1
996,1
1019,1
1088,1
1125,1
1337,65
1378,1
1396,1
1426,1
1504,1
1586,1
1613,1
1621,76
1649,1
1691,1
1694,1
1785,1
1792,1
1897,1
1906,1
1940,1
1944,1
1945,1
1990,1
1993,1
2006,1
2016,1
2066,87
2116,1
2125,1
2208,88
2288,1
2361,91
2522,1
2529,1
2553,97
2559,100
2598,1
2599,1
2603,102
2606,1
2631,1
2652,20
2669,1
2684,1
2823,1
2861,107
2877,108
2956,1
2966,1
3005,1
3009,1
3026,1
3051,1
3060,1
3142,1
3201,1
3219,1
3232,1
3234,1
3241,20
3290,1
3334,1
3352,1
3355,1
3364,1
3368,1
3378,1
3410,1
3478,1
3499,119
3526,1
3527,1
3530,1
3585,1
3604,1
3627,121
3739,1
3754,47
3792,1
3848,1
3922,1
3947,1
3948,1
3994,1
3997,1
4003,131
4021,1
4132,1
4156,1
4205,1
4209,1
4211,1
4235,1
4357,1
4358,136
4471,1
4529,1
4538,1
4549,1
4633,1
4640,1
4651,1
4739,1
4751,1
4803,1
5007,1
5039,1
5055,1
5069,1
5157,1
5247,153
5259,1
5302,154
5304,1
5313,1
5343,1
5356,1
5437,1
5476,1
5489,1
5539,1
5564,1
5616,1
5657,24
5672,1
5697,1
5750,1
5783,158
5848,161
5874,1
5938,1
5940,1
5961,1
6028,161
6102,1
6128,1
6190,1
6192,1
6224,1
6229,1
6247,1
6253,1
6275,1
6316,1
6391,1
6393,1
6404,1
6431,1
6464,170
6521,1
6538,171
6556,173
6586,20
6617,1
6633,87
6640,1
6724,1
6727,1
6790,1
6841,1
6910,1
6919,1
6940,1
7020,1
7027,181
7036,1
7053,1
7090,1
7094,1
7125,1
7156,1
7169,1
7190,1
7234,1
7300,1
7316,1
7343,1
7351,1
7388,187
7422,1
7498,1
7507,1
7557,1
7560,1
7571,1
7574,1
7576,136
7580,1
7594,1
7597,1
7612,1
7625,191
7693,1
7715,1
7719,1
7770,47
7775,1
7790,1
7811,1
7817,1
7843,194
7859,195
7967,1
7978,1
8039,1
8062,20
8115,198
8198,1
8221,161
8223,1
8322,1
8457,1
8465,1
8467,1
8483,1
8503,1
8529,1
8532,1
8536,1
8588,1
8601,1
8613,1
8626,1
8662,1
8669,1
8789,1
8812,1
8860,1
8863,181
8873,1
8888,1
8906,1
8933,1
8949,1
8951,1
8962,47
9039,1
9082,1
9144,1
9155,65
9156,1
9161,1
9168,65
9191,170
9204,1
9205,1
9211,1
9243,1
9253,1
9299,154
9345,1
9398,1
9433,1
9467,1
9574,1
9579,1
9580,29
9598,1
9606,1
9718,1
9735,1
9806,1
9808,1
9842,1
9878,1
9927,16
9934,216
9984,1
10012,1
10021,1
10039,1
10104,1
10228,1
10251,1
10356,1
10424,20
10484,1
10508,1
10563,1
10603,1
10605,1
10681,1
10687,1
10694,1
10696,1
10711,68
10774,1
10775,1
10788,1
10813,1
10827,1
10841,1
10909,1
10955,1
10993,1
11151,1
11181,1
11233,1
11253,1
11302,1
11305,38
11362,1
11396,233
11398,1
11407,1
11531,1
11534,1
11580,1
11621,1
11712,1
11794,1
11914,1
11930,1
11946,1
11952,153
12036,1
12091,1
12124,1
12169,1
12193,1
12241,1
12245,1
12249,1
12295,246
12310,1
12314,119
12363,1
12371,1
12395,1
12538,1
12632,1
12670,1
12673,1
12692,171
12709,1
12719,1
12740,1
12771,1
12799,1
12810,1
12859,29
12862,1
12918,1
12920,1
12923,1
12937,1
12972,1
12975,20
13050,1
13051,29
13100,1
13109,1
13134,253
13178,255
13262,129
13319,1
13358,1
13487,1
13537,1
13575,1
13576,181
13582,1
13596,158
13613,1
13655,1
13715,1
13759,14
13806,1
13812,259
13858,1
13916,1
13934,1
13939,1
13944,1
13946,1
13967,1
13970,1
13984,1
14082,1
14113,1
14125,1
14137,263
14237,265
14270,266
14296,1
14370,1
14390,1
14401,16
14421,1
14498,10
14523,1
14586,1
14688,1
14695,1
14756,1
14796,1
14819,1
14865,1
14871,1
14884,1
14890,1
14911,1
14964,1
14989,1
15020,87
15021,1
15026,1
15044,1
15078,1
15113,273
15159,1
15275,1
15284,1
15324,1
15345,1
15394,1
15405,1
15457,1
15479,1
15494,1
15508,216
15534,1
15591,1
15646,277
15662,1
15675,1
15755,1
15826,1
15832,280
15847,1
15864,1
15941,283
15948,1
15999,1
16029,1
16048,181
16107,187
16108,1
16147,1
16164,1
16169,1
16239,1
16242,1
6,1
18,2
101,1
106,8
110,1
186,1
239,1
250,1
252,1
255,1
298,1
344,1
389,1
426,1
434,1
441,1
506,1
515,1
521,1
604,1
620,1
622,1
706,1
735,1
749,38
754,1
782,1
790,1
791,5
797,1
804,1
842,1
866,1
900,1
961,1
1050,1
1083,1
1085,1
1304,18
1307,1
1365,1
1431,1
1529,1
1599,74
1609,1
1647,1
1686,1
1789,83
1849,1
1898,1
1905,1
1910,1
1954,1
1977,86
1978,1
2100,20
2140,1
2143,1
2158,1
2164,1
2204,1
2205,1
2235,89
2248,1
2332,20
2345,1
2347,1
2351,23
2408,1
2412,1
2477,1
2484,95
2499,1
2539,1
2555,99
2584,1
2593,1
2662,1
2764,1
2835,1
2858,1
2863,1
2887,23
2903,109
2980,1
3071,14
3106,1
3204,1
3239,1
3354,1
3371,118
3392,1
3427,1
3450,1
3457,1
3491,1
3495,1
3498,1
3538,1
3570,1
3610,1
3673,20
3676,1
3695,1
3720,1
3763,1
3768,1
3777,1
3794,95
3815,1
3835,1
3841,1
3846,123
3883,1
3988,130
4062,1
4093,1
4125,1
4143,46
4257,1
4274,134
4288,1
4300,1
4370,1
4416,43
4438,1
4452,1
4455,1
4488,1
4498,42
4579,1
4618,1
4713,1
4714,143
4718,144
4719,1
4871,1
4882,148
4908,1
4937,1
4980,1
5086,1
5127,1
5184,1
5205,1
5252,1
5299,1
5380,1
5410,156
5419,1
5443,1
5461,1
5491,1
5513,1
5562,20
5573,1
5695,1
5728,1
5823,1
5859,1
5927,1
5963,1
5966,1
5986,1
6000,1
6001,20
6006,53
6013,1
6015,1
6052,2
6059,1
6117,1
6138,1
6194,1
6277,25
6317,1
6415,109
6455,1
6488,42
6511,1
6541,1
6576,1
6680,1
6691,1
6719,174
6741,1
6769,1
6818,1
6819,1
6907,1
6920,1
6946,179
6955,1
6959,1
6971,1
6981,1
6990,1
7013,1
7140,144
7147,1
7227,1
7241,89
7266,1
7288,1
7332,1
7373,1
7401,1
7417,1
7429,1
7453,1
7466,190
7566,1
7645,1
7650,1
7660,1
7706,1
7735,1
7768,1
7780,1
7879,1
7913,1
7944,1
7959,1
7996,197
8162,1
8168,1
8222,55
8278,1
8369,1
8407,1
8416,89
8418,1
8425,1
8461,1
8474,1
8479,1
8481,1
8507,1
8523,1
8566,1
8577,1
8720,1
8772,1
8850,204
8874,1
8943,1
9038,1
9118,56
9173,1
9195,1
9324,1
9395,148
9416,1
9528,42
9642,1
9651,1
9678,213
9721,1
9764,1
9800,1
9825,1
9850,1
9853,1
9868,1
9943,1
9947,1
9974,1
9996,1
9997,1
10002,1
10003,1
10118,218
10137,1
10138,1
10173,1
10186,220
10205,1
10225,1
10271,1
10324,89
10416,1
10495,1
10518,1
10553,1
10591,1
10592,1
10642,198
10652,1
10656,6
10704,1
10762,1
10771,1
10780,1
10924,1
10932,1
10949,1
11001,1
11077,1
11084,1
11094,227
11104,1
11111,1
11127,1
11179,1
11209,1
11262,38
11328,86
11336,1
11368,1
11417,1
11429,1
11440,1
11477,1
11546,43
11569,1
11571,1
11593,1
11606,1
11660,1
11809,1
11817,1
11834,190
11867,1
11906,1
12008,1
12013,1
12020,1
12032,1
12043,20
12062,1
12076,1
12110,6
12141,1
12186,1
12261,1
12302,1
12303,1
12326,1
12354,1
12417,1
12486,1
12524,1
12534,46
12535,1
12537,1
12542,1
12557,174
12601,1
12604,1
12680,89
12769,1
12805,1
12837,251
12879,1
12919,1
12925,18
12947,1
12967,1
13022,1
13029,1
13036,1
13112,1
13154,1
13223,14
13234,1
13255,1
13323,1
13345,20
13370,1
13380,1
13389,1
13401,256
13420,1
13446,1
13539,1
13583,1
13623,1
13629,1
13669,1
13672,1
13695,109
13702,1
13763,1
13796,1
13814,1
13836,1
13882,1
13945,1
13990,1
13992,1
14012,25
14041,1
14075,1
14086,1
14145,1
14146,1
14201,1
14209,1
14214,14
14221,264
14222,1
14253,1
14264,1
14302,1
14319,1
14343,1
14430,1
14458,1
14501,1
14522,1
14562,1
14657,1
14679,20
14690,1
14724,1
14760,1
14770,1
14771,1
14945,1
14993,1
15004,1
15057,220
15095,1
15120,1
15123,1
15127,1
15147,1
15155,1
15186,1
15261,1
15292,49
15331,1
15334,1
15400,1
15442,1
15454,46
15500,14
15548,20
15685,1
15737,1
15773,1
15808,1
15845,5
15876,1
15881,1
15903,281
15923,1
15981,1
15990,46
16001,148
16009,1
16031,174
16057,43
16065,1
16080,1
16092,1
16101,1
16126,1
16156,1
16181,1
16218,1
205,1
369,1
656,1
795,40
800,1
1031,1
1044,1
1064,1
1092,1
1113,1
1156,1
1230,1
1240,57
1325,1
1406,1
1492,61
1653,1
1720,1
1842,1
1881,1
1962,1
1995,1
2047,1
2401,1
2417,1
2516,1
2914,1
3038,111
3135,1
3182,1
3648,1
4037,1
4192,1
4258,1
4398,1
4483,1
4558,1
4845,1
4910,1
5538,1
5706,1
5926,163
6134,1
6506,1
6585,1
6601,1
6679,1
6739,1
6875,1
7049,1
7106,1
7446,1
7514,1
8044,1
8308,1
8420,1
8421,50
8471,1
8695,44
8710,1
8722,1
8883,1
9013,1
9026,1
9256,1
9303,1
9336,1
9563,1
10252,1
10311,163
10336,1
10510,1
10565,1
10618,1
10707,1
10967,1
11110,1
11223,1
11331,1
11522,1
11536,1
11567,1
11629,235
11651,1
11916,1
11937,1
12143,28
12248,1
12308,1
12315,1
12407,1
12503,1
12568,1
12654,1
12672,1
13078,1
13126,1
13676,1
13830,1
13884,1
14066,1
14171,1
14186,1
14381,1
14497,1
14551,1
14578,57
14611,1
14675,1
14681,1
14837,1
15087,1
15126,1
15202,1
15256,1
15258,235
15298,1
15352,1
15515,1
15516,1
15560,1
15561,40
15687,59
15694,50
15925,1
15942,1
15974,1
15998,1
16033,1
16046,111
16179,1
