61333,1
1664033,1
1664892,1
1523330,6
746180,1
1064744,1
425247,1
1695963,1
692852,1
58687,1
504926,1
1684118,1
1679741,1
921498,1
1382791,1
872380,1
174065,1
110046,1
1108804,1
1060413,1
984745,1
809204,1
549547,1
359676,1
1043750,1
147941,1
749938,1
1281888,1
535839,1
1622302,1
1566098,1
448493,1
99707,5
1709764,5
1481480,1
1562422,1
864844,1
756841,1
1000088,1
1397323,1
525770,1
43900,1
1546108,1
1284962,1
421878,1
365936,1
1647357,1
1624686,1
1513183,1
528954,1
1216395,1
319673,1
1001211,1
1673852,12
1384484,1
906786,1
259796,1
546109,1
158560,1
377993,1
231286,1
131291,1
1666628,1
1525661,1
1703107,1
541410,1
585622,1
1631669,1
657047,1
1701396,1
1615765,1
469697,1
1160232,1
1563027,1
456310,1
806858,1
646485,1
1145030,1
715275,1
1446725,1
1308632,1
766461,1
1414694,1
524319,1
1316980,1
1574761,1
1569458,1
302433,1
1491908,1
87577,6
290168,6
1420972,1
851772,1
504701,1
205734,1
1652035,7
1407874,4
529600,1
309037,1
1707613,1
81998,5
485084,1
1280750,1
1707550,1
875871,1
1355375,1
1257160,1
721893,1
1052502,1
1476173,1
382013,1
534685,1
1628285,1
775742,1
722088,1
883914,1
848842,8
734708,1
11474,1
1141229,1
1487737,1
390930,1
961207,1
253966,1
1599248,1
66902,10
1388474,1
1532465,1
1511517,1
536135,1
1709765,1
406793,1
1416392,1
1654025,1
1416282,1
384420,1
673821,1
577410,1
692992,1
1315066,1
1143241,1
584410,1
332455,1
273634,1
397936,1
736336,1
988002,1
828239,1
803537,1
473980,1
1629828,1
161869,1
1233695,1
1658868,1
1623459,1
1429858,1
1560398,1
706399,1
968214,1
1146366,1
542317,1
975404,1
1045422,1
90645,1
264587,1
1695001,1
23770,1
1580517,1
1554973,1
1625459,1
252301,1
634956,1
343859,1
1666339,1
1479591,1
1562036,1
1442442,1
162630,1
45118,1
183838,15
517859,1
1428639,1
351348,1
1650597,1
343902,1
1577264,1
948179,1
521987,1
1423056,1
358555,1
1544036,1
830226,1
1061824,1
80828,1
1703760,1
261735,1
1433878,1
449703,1
1140117,1
930393,1
1705766,1
634924,1
219409,1
1092681,1
777608,6
1129775,1
273014,1
915750,1
51689,1
758642,1
46088,1
378546,1
1144513,1
733402,1
396119,1
1614363,1
635610,1
1182741,1
87515,1
573668,1
879506,1
279507,1
852999,1
1099438,1
1468294,1
1494434,1
545531,1
823648,1
1169147,1
325823,1
666453,2
1321029,1
1129451,1
657777,1
1239868,8
288192,1
1458248,1
1155721,1
1334183,1
618240,1
1619159,1
375754,1
108909,1
372082,1
1424353,1
1179083,1
1426113,1
1241555,1
216896,1
732752,1
1292929,1
259933,1
1386561,1
253925,1
432337,1
972240,1
1534661,8
335804,4
1428931,1
1192406,1
1672143,1
1154021,1
343881,1
272121,1
1124488,1
538154,1
769934,1
1141615,1
1066397,1
768061,1
1698012,1
1442559,1
1476861,1
744607,1
697862,1
582733,1
1576447,1
615083,1
357040,1
334710,1
1580563,1
1352065,1
1313530,1
707079,1
373720,8
1351506,1
274677,1
769146,1
654394,1
1622426,1
561605,1
348759,1
598329,1
484260,1
1414236,1
1433771,1
950400,1
333489,1
1169113,1
1261984,1
1142149,1
263303,1
935861,1
1324693,1
1507317,1
347793,1
463993,1
847359,1
1617919,1
1613411,1
692231,1
951388,1
1612410,1
1143580,1
374931,1
543481,1
103964,1
303837,1
854511,1
1682232,8
408641,1
1334958,1
239075,1
149701,1
1620274,1
792419,1
1396373,8
383828,7
373904,7
1419881,1
1400573,1
1258596,1
621595,1
1527687,1
1077422,1
1693875,1
101411,1
1703564,1
1231321,1
1415058,1
1082362,1
1536469,1
418288,1
23442,1
23509,1
23576,1
24681,6
24868,6
32811,1
32846,1
32856,1
32943,1
43724,1
45660,1
60610,1
60959,1
60967,1
76527,1
76540,1
76542,1
76548,1
76556,1
76565,1
76611,1
76624,1
76627,1
76635,1
76677,1
76680,1
93038,1
93102,1
93110,1
93127,1
93139,1
93217,1
99739,1
99764,1
99783,1
99802,1
99817,1
99839,1
99874,1
110443,1
110471,1
111254,2
111382,13
129010,1
129047,1
129090,1
129125,1
129139,1
129202,1
133883,1
133890,1
133903,1
133947,1
133954,14
134015,1
134023,1
134059,1
134068,1
157261,1
161459,5
161490,5
202591,4
206183,1
206299,1
206332,1
206377,1
206384,1
228145,1
228185,1
228207,1
228274,1
228367,4
228372,4
228382,4
228413,4
237057,1
237102,1
237159,1
245913,4
248952,1
248971,1
248974,1
248989,1
249072,1
249074,1
249081,1
249101,1
249134,1
249136,1
274060,1
274124,1
274149,1
275208,1
275245,1
291359,1
314887,1
314984,1
315011,1
315059,1
315088,1
343433,12
353065,1
353201,1
353794,1
353795,1
355487,4
389925,1
390013,1
411380,1
411418,1
411453,1
420951,1
421106,1
421889,2
421912,2
433290,1
433357,1
433369,1
433389,1
433408,1
433412,1
433419,1
433431,1
433434,1
433509,1
433516,1
433520,1
433531,1
444120,1
444136,1
444147,1
444172,1
444188,1
444281,1
444282,1
444286,1
444295,1
444302,1
444304,1
444305,1
444311,1
444325,1
444346,1
461127,1
461335,1
498636,1
501597,4
501668,4
503508,1
503566,1
503575,1
503714,1
532001,1
532047,1
532112,1
533812,4
542581,1
543891,1
543896,1
543909,1
544071,1
599145,5
603017,1
604001,1
610872,1
611970,2
611995,2
623051,1
623143,1
623148,1
623150,1
633311,1
633320,1
633384,1
633386,1
633407,1
633422,1
633436,1
633438,1
633460,1
634652,4
634669,4
634687,4
635440,1
635441,1
635504,1
635617,1
635626,1
712733,1
718196,6
718261,6
718314,6
718373,6
721621,1
721673,1
721715,1
721777,1
731626,1
731630,1
731668,1
731696,1
733081,1
733082,1
742576,7
758579,4
766283,1
773321,1
773343,1
773379,1
789067,1
790035,1
790229,5
790291,5
793136,1
793268,1
802904,1
803970,2
804785,1
804797,1
804827,1
814428,1
814433,1
814439,1
814643,1
814671,1
823373,1
823636,1
823816,1
823828,1
823932,1
823947,1
823958,1
823977,1
824033,1
827105,1
827160,1
827163,1
827193,1
827202,1
827295,1
827300,1
827317,1
840254,1
882138,8
882269,8
882682,8
890607,1
890663,1
890666,1
890678,1
890683,1
890696,1
890711,1
890756,1
890778,1
890784,1
913659,10
917687,1
917750,1
917760,1
929895,1
930965,1
933772,1
933775,1
934093,1
934112,1
934153,1
995381,1
995414,1
995548,1
1000827,1
1004782,1
1004821,1
1004925,1
1006285,2
1006871,1
1007014,1
1015832,1
1015847,1
1015892,1
1015988,1
1016042,1
1016061,1
1024881,1
1024893,1
1024915,1
1024927,1
1024955,1
1025007,1
1027727,1
1027754,1
1027764,1
1027851,1
1027854,1
1027950,1
1032288,1
1036515,1
1036517,1
1036528,1
1036726,1
1040427,4
1040439,4
1040444,4
1050148,1
1050202,1
1050205,1
1050227,1
1050293,1
1061545,1
1068336,1
1077688,8
1081169,1
1081189,1
1081246,1
1081266,1
1081274,1
1081282,1
1081331,1
1081344,1
1081361,1
1088119,1
1088149,1
1088201,1
1088228,1
1088266,1
1088277,1
1088280,1
1088295,1
1088353,1
1127383,1
1127434,1
1127548,1
1128474,1
1128599,1
1128609,1
1128747,1
1128798,1
1128820,1
1128823,1
1128869,1
1128972,1
1141467,1
1160485,1
1160493,1
1160525,1
1160534,1
1160537,1
1160539,1
1175273,1
1176366,4
1176397,4
1199808,1
1200006,1
1205895,1
1205923,1
1205925,1
1205935,1
1205956,1
1205976,1
1254884,1
1254972,1
1254977,15
1255043,1
1265663,4
1273324,6
1275764,4
1284849,8
1291837,1
1292290,1
1292312,3
1332301,1
1332340,1
1333663,1
1333696,1
1333706,1
1364258,1
1364302,1
1364303,1
1364325,1
1364328,1
1364353,1
1364363,1
1364425,1
1380854,1
1380910,1
1380926,1
1406493,1
1406521,1
1406546,1
1410654,1
1412332,1
1412531,1
1421414,1
1424271,1
1424278,1
1424307,1
1424434,1
1424437,1
1424453,1
1424455,1
1424480,1
1424481,1
1425732,11
1436401,1
1436492,1
1436500,1
1436509,1
1436545,1
1436581,1
1436609,1
1436628,1
1451442,1
1451448,1
1451450,1
1451478,1
1451513,1
1451563,1
1472060,4
1476460,6
1476465,6
1476526,6
1476527,6
1492010,1
1492045,1
1492052,1
1492159,1
1512256,8
1517472,1
1541509,1
1541544,1
1541671,1
1541944,1
1541947,1
1541959,1
1542961,1
1543037,1
1543059,1
1543060,1
1543065,1
1543067,1
1543098,1
1563762,1
1578506,1
1579092,1
1579274,1
1579328,1
1583346,1
1588195,1
1588219,1
1607045,5
1632044,1
1632106,1
1632147,1
1632199,1
1632215,1
1632224,1
1632235,1
1632248,1
1632260,1
1632261,1
1638556,8
1643254,1
1643324,1
1643338,1
1643353,1
1643387,1
1643425,1
1652418,1
1655274,1
1655280,1
1655323,1
1655409,1
1692421,1
1692481,1
1692525,1
1692559,1
1692561,1
1692566,1
1719894,1
1724721,1
1729760,1
1729838,1
1729881,1
1729960,1
1736831,4
1736896,4
1736904,4
1757052,1
1757067,1
1757136,1
1758359,2
1762431,1
1767511,1
1767691,1
1771707,4
1771718,4
1771722,4
1771776,4
1798523,1
1810818,1
1810827,1
1810843,1
1810845,1
1810865,1
1810875,1
1810936,1
1810956,1
1810976,1
1824644,8
1840493,1
1840560,1
1840567,1
1840578,1
1840638,1
1862998,1
1863001,1
1873006,4
1873066,4
1873074,4
1884188,1
1884333,1
1884585,1
1925308,1
1925400,1
1925496,1
1951241,1
1956692,1
1966744,1
1966747,1
1966954,1
1976099,1
1976101,1
1976114,1
1976146,1
1976158,1
1976201,1
1976202,1
1976203,1
1976237,1
1976257,1
1981454,5
1983380,1
1983703,1
1983754,1
1983806,1
1983906,1
1983911,1
1993233,1
1993241,1
1993263,1
1993295,1
1993319,1
1993367,1
1993376,1
1993380,1
1993396,1
1993411,1
1993448,1
1993451,1
2008008,8
2021037,1
2021175,4
2021194,4
2035472,1
2040567,8
2040591,8
2040654,8
2040682,8
2090981,1
2105611,1
2105640,1
2148010,1
2164387,1
2164412,1
2164461,1
2164538,1
2164557,1
2164565,1
2164590,1
2183090,1
2183137,1
2183181,1
2190366,1
2192815,1
2215483,4
2215512,4
2229713,8
2229772,8
2289856,1
2289881,1
2289899,1
2298008,1
2312679,4
2312684,4
2312705,4
2312706,4
2324049,1
2327401,1
2327420,1
2328543,1
2328557,1
2328562,1
2328583,1
2328754,1
2352882,1
2352891,1
2352921,1
2352960,1
2352982,1
2352987,1
2353028,1
2353038,1
2353052,1
2353074,1
2363564,1
2363576,1
2371845,1
2372013,1
2376118,1
2376158,1
2376169,1
2393496,1
2393564,1
2434545,7
2443873,1
2443883,1
2443933,1
2443957,1
2522066,1
2522115,1
2522205,1
2522219,1
2544886,1
2544895,1
2544961,1
2544995,1
2545012,1
2545032,1
2545034,1
2545081,1
2556487,1
2556563,1
2556606,1
2565661,1
2582050,8
2611702,8
2611815,8
2637152,1
2638666,1
2638686,1
2638735,1
2638747,1
2638766,1
2638771,1
2638860,1
2638870,1
2682648,1
2683094,1
2683100,1
2714581,1
2727802,1
2739691,1
2760682,1
2760699,1
2760708,1
2760761,1
2760764,1
2760785,1
2760793,1
2760818,1
2760875,1
2765519,1
2765603,1
2765690,1
2766010,1
2777590,8
2777681,8
2782492,1
2811263,8
2883455,1
2907714,1
2907740,1
2907747,1
2907798,1
2908324,1
2908354,1
2914420,7
2929346,1
2929347,1
2929390,1
2930077,1
2930082,1
2937403,1
2940157,1
2940167,1
2940254,1
2940314,1
2954284,1
2954319,1
2954328,1
2962176,1
2962184,1
2962338,1
2962342,1
2962347,1
2962368,1
2962390,1
2962414,1
2964297,1
2964431,1
2964532,1
2964626,1
2964726,1
2964731,1
2973321,1
2973400,1
2973482,1
2979692,8
2979776,8
2979834,8
2994760,1
2994927,1
2994941,1
2994949,1
2994971,1
2994977,1
3014413,8
3014447,8
3032515,7
3032536,7
3032661,7
3089923,1
3090975,1
3091124,1
3091170,1
3091660,6
3091745,6
3124854,1
3129264,1
3138448,9
3140814,4
3164205,1
3164295,1
3171313,1
3171320,1
3171382,1
3171408,1
3171415,1
3171417,1
3171450,1
3171477,1
3171525,1
3206513,1
3206566,1
3206582,1
3206610,1
3211184,1
3211207,1
3211216,1
3211342,1
3222360,1
3222387,1
3227928,8
3228123,8
3263788,1
729,1
772,6
945,1
239,1
1277,1
2001,1
761,1
2756,2
3751,5
2042,4
3323,1
4707,7
717,8
5644,11
1415,9
