61333,23442,
1664033,23509,
1664892,23576,
1523330,24868,
746180,43724,
1064744,45660,
425247,60610,
1695963,76527,110471,
692852,76540,
58687,76611,
504926,76627,
1684118,76635,
1679741,76677,
921498,93038,1412531,
1382791,93102,
872380,93217,
174065,99739,129090,
110046,99783,99839,635617,1254972,1255043,1492010,1643254,
1108804,99802,1643324,
1060413,99817,
984745,110443,
809204,129010,
549547,129047,
359676,129139,
1043750,129202,
147941,133883,
749938,133890,1884585,2164412,2443883,2908324,
1281888,133903,
535839,133947,
1622302,134015,1027851,1643425,2962176,2962342,
1566098,134059,314887,890756,1492045,1993233,2962347,
448493,134068,
99707,161459,
1709764,161490,
1481480,206183,503575,
1562422,206299,
864844,206332,
756841,206377,
1000088,206384,3211342,
1397323,228207,
525770,228274,
43900,237102,1983703,2522066,
1546108,237159,444282,
1284962,248952,
421878,248971,1027950,1632235,2565661,
365936,248974,
1647357,249072,
1624686,249081,
1513183,249134,
528954,314984,1050148,1436609,2090981,
1216395,315011,
319673,315059,
1001211,315088,1993263,1993396,
1673852,343433,
1384484,353794,
906786,353795,1088295,1655409,
259796,389925,
546109,411418,
158560,411453,
377993,420951,
231286,433357,
131291,433369,
1666628,433389,1024893,
1525661,433408,
1703107,433412,
541410,433434,2164557,
585622,433520,
1631669,444172,
657047,444188,
1701396,444281,
1615765,444286,1036726,1436401,
469697,444295,
1160232,444302,
1563027,444311,
456310,503508,635441,1088119,1757136,1840493,1840638,2765603,
806858,503566,
646485,503714,1451448,2164538,2352987,2545032,
1145030,542581,
715275,544071,
1446725,603017,
1308632,623143,
766461,623148,
1414694,623150,
524319,633320,2376169,
1316980,633384,
1574761,633407,
1569458,633422,
302433,635504,
1491908,712733,
87577,718196,718373,
290168,718261,
1420972,721777,
851772,731626,
504701,731630,
205734,731696,
1652035,742576,
1407874,758579,
529600,766283,
309037,773343,1541544,2183181,
1707613,790035,
81998,790291,
485084,804785,
1280750,804827,
1707550,814433,
875871,814643,
1355375,823373,
1257160,823816,
721893,823828,
1052502,823947,1424437,
1476173,824033,
382013,827105,
534685,827160,
1628285,827163,3171408,
775742,827193,890711,1976257,
722088,827295,2765519,
883914,827317,1027854,2760708,
848842,882269,
734708,890607,
11474,890663,
1141229,890666,
1487737,890678,
390930,890683,
961207,890696,1081246,1543065,1993411,2371845,2907747,
253966,890778,
1599248,890784,
66902,913659,
1388474,917750,
1532465,917760,
1511517,933772,
536135,934112,
1709765,934153,2766010,
406793,995381,1200006,1333663,
1416392,995414,
1654025,995548,
1416282,1000827,1884188,
384420,1004925,
673821,1006871,
577410,1007014,2164387,
692992,1016042,
1315066,1025007,
1143241,1027727,
584410,1027764,
332455,1036515,
273634,1036517,
397936,1036528,
736336,1050202,
988002,1050205,
828239,1050227,
803537,1050293,
473980,1061545,
1629828,1081169,1976201,
161869,1081189,
1233695,1081266,1364325,1993319,2352982,2638686,2683094,2760875,2765690,
1658868,1081274,
1623459,1081282,
1429858,1081344,
1560398,1081361,
706399,1088149,
968214,1088201,
1146366,1088228,2908354,
542317,1088280,
975404,1127383,
1045422,1127434,
90645,1127548,
264587,1128474,1380926,
1695001,1128609,
23770,1128747,
1580517,1128869,1966747,2289899,
1554973,1128972,
1625459,1141467,
252301,1160485,
634956,1160493,
343859,1160525,
1666339,1160534,
1479591,1160537,
1562036,1160539,1543098,
1442442,1175273,
162630,1205976,
45118,1254884,
183838,1254977,
517859,1291837,
1428639,1333706,1966954,
351348,1364258,2183137,
1650597,1364302,
343902,1364303,
1577264,1364328,
948179,1364353,
521987,1364363,2352882,
1423056,1364425,
358555,1380854,
1544036,1380910,
830226,1406493,
1061824,1406521,2545012,2964726,
80828,1410654,
1703760,1424271,
261735,1424434,
1433878,1424480,
449703,1436500,1451442,1543067,2372013,2760682,3171450,
1140117,1436509,
930393,1436581,
1705766,1451450,
634924,1451478,
219409,1451513,
1092681,1451563,
777608,1476527,
1129775,1492052,
273014,1492159,
915750,1541944,
51689,1542961,1719894,2782492,
758642,1543037,
46088,1543059,
378546,1563762,2760761,
1144513,1578506,
733402,1579092,
396119,1632044,
1614363,1632106,
635610,1632224,
1182741,1643338,
87515,1643353,
573668,1652418,
879506,1655280,
279507,1692481,
852999,1692525,
1099438,1692559,
1468294,1724721,
1494434,1729760,2021037,3129264,
545531,1729881,
823648,1729960,
1169147,1757052,
325823,1757067,
666453,1758359,
1321029,1767511,
1129451,1810843,
657777,1810845,
1239868,1824644,
288192,1840560,1993241,1993380,
1458248,1840567,
1155721,1840578,
1334183,1863001,
618240,1884333,
1619159,1925400,
375754,1956692,
108909,1976099,
372082,1976101,
1424353,1976114,
1179083,1976146,
1426113,1976158,
1241555,1976202,
216896,1976203,
732752,1976237,
1292929,1983754,
259933,1993295,
1386561,1993367,
253925,1993376,
432337,1993448,
972240,1993451,
1534661,2008008,
335804,2021175,
1428931,2105640,
1192406,2164461,
1672143,2164565,
1154021,2183090,
343881,2190366,
272121,2192815,
1124488,2289881,
538154,2298008,
769934,2324049,
1141615,2327420,
1066397,2328562,
768061,2352891,
1698012,2352960,
1442559,2353028,
1476861,2353074,
744607,2363576,
697862,2376158,
582733,2393496,
1576447,2393564,
615083,2443933,
357040,2443957,
334710,2544886,
1580563,2544895,
1352065,2544995,
1313530,2545034,
707079,2556563,
373720,2611702,
1351506,2637152,
274677,2638735,
769146,2638747,
654394,2638766,
1622426,2638771,
561605,2638860,
348759,2638870,
598329,2682648,
484260,2683100,
1414236,2739691,
1433771,2760764,
950400,2760785,
333489,2760793,
1169113,2760818,
1261984,2883455,
1142149,2907714,
263303,2907740,
935861,2929347,
1324693,2930077,
1507317,2930082,
347793,2940157,
463993,2940167,
847359,2940254,
1617919,2954328,
1613411,2962338,
692231,2962368,
951388,2962414,
1612410,2964297,
1143580,2964431,
374931,2964626,
543481,2964731,
103964,2973321,
303837,2973400,
854511,2973482,
1682232,2979834,3014447,
408641,2994760,
1334958,2994927,
239075,2994941,
149701,2994949,
1620274,2994971,
792419,2994977,
1396373,3014413,
383828,3032536,
373904,3032661,
1419881,3089923,
1400573,3090975,
1258596,3091124,
621595,3091170,
1527687,3171313,
1077422,3171320,
1693875,3171415,
101411,3171417,
1703564,3171477,
1231321,3171525,
1415058,3206566,
1082362,3211184,
1536469,3211216,
418288,3263788,
23442,61333,729,
23509,1664033,729,
23576,1664892,729,
24681,772,
24868,1523330,772,
32811,945,
32846,945,
32856,945,
32943,945,
43724,746180,239,
45660,1064744,1277,
60610,425247,945,
60959,945,
60967,945,
76527,1695963,2001,
76540,692852,2001,
76542,2001,
76548,2001,
76556,2001,
76565,2001,
76611,58687,2001,
76624,2001,
76627,504926,2001,
76635,1684118,2001,
76677,1679741,2001,
76680,2001,
93038,921498,761,
93102,1382791,761,
93110,761,
93127,761,
93139,761,
93217,872380,761,
99739,174065,239,
99764,239,
99783,110046,239,
99802,1108804,239,
99817,1060413,239,
99839,110046,239,
99874,239,
110443,984745,1277,
110471,1695963,1277,
111254,2756,
111382,111382,
129010,809204,729,
129047,549547,729,
129090,174065,729,
129125,729,
129139,359676,729,
129202,1043750,729,
133883,147941,239,
133890,749938,239,
133903,1281888,239,
133947,535839,239,
133954,133954,
134015,1622302,239,
134023,239,
134059,1566098,239,
134068,448493,239,
157261,761,
161459,99707,3751,
161490,1709764,3751,
202591,2042,
206183,1481480,729,
206299,1562422,729,
206332,864844,729,
206377,756841,729,
206384,1000088,729,
228145,1277,
228185,1277,
228207,1397323,1277,
228274,525770,1277,
228367,2042,
228372,2042,
228382,2042,
228413,2042,
237057,3323,
237102,43900,3323,
237159,1546108,3323,
245913,2042,
248952,1284962,2001,
248971,421878,2001,
248974,365936,2001,
248989,2001,
249072,1647357,2001,
249074,2001,
249081,1624686,2001,
249101,2001,
249134,1513183,2001,
249136,2001,
274060,761,
274124,761,
274149,761,
275208,945,
275245,945,
291359,1277,
314887,1566098,239,
314984,528954,239,
315011,1216395,239,
315059,319673,239,
315088,1001211,239,
343433,1673852,
353065,761,
353201,761,
353794,1384484,239,
353795,906786,239,
355487,2042,
389925,259796,3323,
390013,3323,
411380,1277,
411418,546109,1277,
411453,158560,1277,
420951,377993,761,
421106,761,
421889,2756,
421912,2756,
433290,2001,
433357,231286,2001,
433369,131291,2001,
433389,1666628,2001,
433408,1525661,2001,
433412,1703107,2001,
433419,2001,
433431,2001,
433434,541410,2001,
433509,2001,
433516,2001,
433520,585622,2001,
433531,2001,
444120,2001,
444136,2001,
444147,2001,
444172,1631669,2001,
444188,657047,2001,
444281,1701396,2001,
444282,1546108,2001,
444286,1615765,2001,
444295,469697,2001,
444302,1160232,2001,
444304,2001,
444305,2001,
444311,1563027,2001,
444325,2001,
444346,2001,
461127,761,
461335,761,
498636,239,
501597,2042,
501668,2042,
503508,456310,
503566,806858,239,
503575,1481480,239,
503714,646485,
532001,945,
532047,945,
532112,945,
533812,2042,
542581,1145030,729,
543891,761,
543896,761,
543909,761,
544071,715275,761,
599145,3751,
603017,1446725,1277,
604001,3323,
610872,761,
611970,2756,
611995,2756,
623051,2001,
623143,1308632,2001,
623148,766461,2001,
623150,1414694,2001,
633311,2001,
633320,524319,2001,
633384,1316980,2001,
633386,2001,
633407,1574761,2001,
633422,1569458,2001,
633436,2001,
633438,2001,
633460,2001,
634652,2042,
634669,2042,
634687,2042,
635440,239,
635441,456310,239,
635504,302433,239,
635617,110046,239,
635626,239,
712733,1491908,945,
718196,87577,772,
718261,290168,772,
718314,772,
718373,87577,772,
721621,945,
721673,945,
721715,945,
721777,1420972,945,
731626,851772,729,
731630,504701,729,
731668,729,
731696,205734,729,
733081,761,
733082,761,
742576,1652035,4707,
758579,1407874,2042,
766283,529600,761,
773321,3323,
773343,309037,3323,
773379,3323,
789067,2001,
790035,1707613,2001,
790229,3751,
790291,81998,3751,
793136,761,
793268,761,
802904,761,
803970,2756,
804785,485084,239,
804797,239,
804827,1280750,239,
814428,2001,
814433,1707550,2001,
814439,2001,
814643,875871,2001,
814671,2001,
823373,1355375,761,
823636,761,
823816,1257160,2001,
823828,721893,2001,
823932,2001,
823947,1052502,2001,
823958,2001,
823977,2001,
824033,1476173,2001,
827105,382013,239,
827160,534685,239,
827163,1628285,239,
827193,775742,239,
827202,239,
827295,722088,
827300,239,
827317,883914,239,
840254,761,
882138,717,
882269,848842,717,
882682,717,
890607,734708,239,
890663,11474,239,
890666,1141229,239,
890678,1487737,239,
890683,390930,239,
890696,961207,239,
890711,775742,239,
890756,1566098,
890778,253966,239,
890784,1599248,239,
913659,66902,
917687,945,
917750,1388474,945,
917760,1532465,945,
929895,729,
930965,3323,
933772,1511517,239,
933775,239,
934093,239,
934112,536135,239,
934153,1709765,239,
995381,406793,761,
995414,1416392,761,
995548,1654025,761,
1000827,1416282,239,
1004782,761,
1004821,761,
1004925,384420,761,
1006285,2756,
1006871,673821,239,
1007014,577410,239,
1015832,2001,
1015847,2001,
1015892,2001,
1015988,2001,
1016042,692992,2001,
1016061,2001,
1024881,2001,
1024893,1666628,2001,
1024915,2001,
1024927,2001,
1024955,2001,
1025007,1315066,2001,
1027727,1143241,239,
1027754,239,
1027764,584410,239,
1027851,1622302,239,
1027854,883914,239,
1027950,421878,239,
1032288,239,
1036515,332455,239,
1036517,273634,239,
1036528,397936,239,
1036726,1615765,239,
1040427,2042,
1040439,2042,
1040444,2042,
1050148,528954,239,
1050202,736336,239,
1050205,988002,239,
1050227,828239,239,
1050293,803537,239,
1061545,473980,729,
1068336,761,
1077688,717,
1081169,1629828,239,
1081189,161869,239,
1081246,961207,
1081266,1233695,239,
1081274,1658868,239,
1081282,1623459,239,
1081331,239,
1081344,1429858,239,
1081361,1560398,239,
1088119,456310,239,
1088149,706399,239,
1088201,968214,239,
1088228,1146366,239,
1088266,239,
1088277,239,
1088280,542317,239,
1088295,906786,239,
1088353,239,
1127383,975404,729,
1127434,1045422,729,
1127548,90645,729,
1128474,264587,3323,
1128599,3323,
1128609,1695001,3323,
1128747,23770,761,
1128798,761,
1128820,761,
1128823,761,
1128869,1580517,761,
1128972,1554973,761,
1141467,1625459,945,
1160485,252301,239,
1160493,634956,239,
1160525,343859,239,
1160534,1666339,239,
1160537,1479591,239,
1160539,1562036,239,
1175273,1442442,3323,
1176366,2042,
1176397,2042,
1199808,761,
1200006,406793,761,
1205895,761,
1205923,761,
1205925,761,
1205935,761,
1205956,761,
1205976,162630,761,
1254884,45118,239,
1254972,110046,239,
1254977,183838,
1255043,110046,239,
1265663,2042,
1273324,772,
1275764,2042,
1284849,717,
1291837,517859,729,
1292290,729,
1292312,1292312,
1332301,761,
1332340,761,
1333663,406793,761,
1333696,761,
1333706,1428639,761,
1364258,351348,239,
1364302,1650597,239,
1364303,343902,239,
1364325,1233695,
1364328,1577264,239,
1364353,948179,239,
1364363,521987,239,
1364425,1423056,239,
1380854,358555,3323,
1380910,1544036,3323,
1380926,264587,3323,
1406493,830226,761,
1406521,1061824,761,
1406546,761,
1410654,80828,239,
1412332,761,
1412531,921498,761,
1421414,945,
1424271,1703760,2001,
1424278,2001,
1424307,2001,
1424434,261735,2001,
1424437,1052502,2001,
1424453,2001,
1424455,2001,
1424480,1433878,2001,
1424481,2001,
1425732,5644,
1436401,1615765,239,
1436492,239,
1436500,449703,
1436509,1140117,239,
1436545,239,
1436581,930393,239,
1436609,528954,239,
1436628,239,
1451442,449703,
1451448,646485,
1451450,1705766,239,
1451478,634924,239,
1451513,219409,239,
1451563,1092681,239,
1472060,2042,
1476460,772,
1476465,772,
1476526,772,
1476527,777608,772,
1492010,110046,239,
1492045,1566098,239,
1492052,1129775,239,
1492159,273014,239,
1512256,717,
1517472,761,
1541509,3323,
1541544,309037,3323,
1541671,3323,
1541944,915750,761,
1541947,761,
1541959,761,
1542961,51689,239,
1543037,758642,239,
1543059,46088,239,
1543060,239,
1543065,961207,
1543067,449703,239,
1543098,1562036,239,
1563762,378546,239,
1578506,1144513,239,
1579092,733402,2001,
1579274,2001,
1579328,2001,
1583346,761,
1588195,3323,
1588219,3323,
1607045,3751,
1632044,396119,2001,
1632106,1614363,2001,
1632147,2001,
1632199,2001,
1632215,2001,
1632224,635610,2001,
1632235,421878,2001,
1632248,2001,
1632260,2001,
1632261,2001,
1638556,717,
1643254,110046,239,
1643324,1108804,239,
1643338,1182741,239,
1643353,87515,239,
1643387,239,
1643425,1622302,239,
1652418,573668,1277,
1655274,239,
1655280,879506,239,
1655323,239,
1655409,906786,239,
1692421,239,
1692481,279507,239,
1692525,852999,239,
1692559,1099438,239,
1692561,239,
1692566,239,
1719894,51689,239,
1724721,1468294,945,
1729760,1494434,761,
1729838,761,
1729881,545531,761,
1729960,823648,761,
1736831,2042,
1736896,2042,
1736904,2042,
1757052,1169147,239,
1757067,325823,239,
1757136,456310,239,
1758359,666453,2756,
1762431,761,
1767511,1321029,761,
1767691,761,
1771707,2042,
1771718,2042,
1771722,2042,
1771776,2042,
1798523,761,
1810818,2001,
1810827,2001,
1810843,1129451,2001,
1810845,657777,2001,
1810865,2001,
1810875,2001,
1810936,2001,
1810956,2001,
1810976,2001,
1824644,1239868,717,
1840493,456310,239,
1840560,288192,239,
1840567,1458248,239,
1840578,1155721,239,
1840638,456310,239,
1862998,2001,
1863001,1334183,2001,
1873006,2042,
1873066,2042,
1873074,2042,
1884188,1416282,239,
1884333,618240,239,
1884585,749938,
1925308,761,
1925400,1619159,761,
1925496,761,
1951241,761,
1956692,375754,761,
1966744,3323,
1966747,1580517,3323,
1966954,1428639,3323,
1976099,108909,239,
1976101,372082,239,
1976114,1424353,239,
1976146,1179083,239,
1976158,1426113,239,
1976201,1629828,239,
1976202,1241555,239,
1976203,216896,239,
1976237,732752,239,
1976257,775742,239,
1981454,3751,
1983380,761,
1983703,43900,761,
1983754,1292929,761,
1983806,761,
1983906,761,
1983911,761,
1993233,1566098,239,
1993241,288192,239,
1993263,1001211,239,
1993295,259933,239,
1993319,1233695,239,
1993367,1386561,239,
1993376,253925,239,
1993380,288192,239,
1993396,1001211,239,
1993411,961207,
1993448,432337,239,
1993451,972240,239,
2008008,1534661,717,
2021037,1494434,729,
2021175,335804,2042,
2021194,2042,
2035472,2001,
2040567,717,
2040591,717,
2040654,717,
2040682,717,
2090981,528954,239,
2105611,761,
2105640,1428931,761,
2148010,945,
2164387,577410,239,
2164412,749938,239,
2164461,1192406,239,
2164538,646485,239,
2164557,541410,239,
2164565,1672143,239,
2164590,239,
2183090,1154021,239,
2183137,351348,239,
2183181,309037,239,
2190366,343881,239,
2192815,272121,1277,
2215483,2042,
2215512,2042,
2229713,717,
2229772,717,
2289856,761,
2289881,1124488,761,
2289899,1580517,761,
2298008,538154,761,
2312679,2042,
2312684,2042,
2312705,2042,
2312706,2042,
2324049,769934,239,
2327401,239,
2327420,1141615,239,
2328543,761,
2328557,761,
2328562,1066397,761,
2328583,761,
2328754,761,
2352882,521987,239,
2352891,768061,239,
2352921,239,
2352960,1698012,239,
2352982,1233695,239,
2352987,646485,239,
2353028,1442559,239,
2353038,239,
2353052,239,
2353074,1476861,239,
2363564,761,
2363576,744607,761,
2371845,961207,
2372013,449703,239,
2376118,945,
2376158,697862,945,
2376169,524319,945,
2393496,582733,729,
2393564,1576447,729,
2434545,4707,
2443873,239,
2443883,749938,239,
2443933,615083,239,
2443957,357040,239,
2522066,43900,761,
2522115,761,
2522205,761,
2522219,761,
2544886,334710,239,
2544895,1580563,239,
2544961,239,
2544995,1352065,239,
2545012,1061824,239,
2545032,646485,239,
2545034,1313530,239,
2545081,239,
2556487,761,
2556563,707079,761,
2556606,761,
2565661,421878,239,
2582050,717,
2611702,373720,717,
2611815,717,
2637152,1351506,761,
2638666,239,
2638686,1233695,239,
2638735,274677,239,
2638747,769146,239,
2638766,654394,239,
2638771,1622426,239,
2638860,561605,239,
2638870,348759,239,
2682648,598329,761,
2683094,1233695,239,
2683100,484260,239,
2714581,761,
2727802,761,
2739691,1414236,239,
2760682,449703,239,
2760699,239,
2760708,883914,239,
2760761,378546,239,
2760764,1433771,239,
2760785,950400,239,
2760793,333489,239,
2760818,1169113,239,
2760875,1233695,239,
2765519,722088,239,
2765603,456310,239,
2765690,1233695,239,
2766010,1709765,239,
2777590,717,
2777681,717,
2782492,51689,239,
2811263,717,
2883455,1261984,729,
2907714,1142149,239,
2907740,263303,239,
2907747,961207,239,
2907798,239,
2908324,749938,239,
2908354,1146366,239,
2914420,4707,
2929346,761,
2929347,935861,761,
2929390,761,
2930077,1324693,239,
2930082,1507317,239,
2937403,761,
2940157,347793,239,
2940167,463993,239,
2940254,847359,239,
2940314,239,
2954284,761,
2954319,761,
2954328,1617919,761,
2962176,1622302,239,
2962184,239,
2962338,1613411,239,
2962342,1622302,239,
2962347,1566098,239,
2962368,692231,239,
2962390,239,
2962414,951388,239,
2964297,1612410,2001,
2964431,1143580,2001,
2964532,2001,
2964626,374931,2001,
2964726,1061824,2001,
2964731,543481,2001,
2973321,103964,1277,
2973400,303837,1277,
2973482,854511,1277,
2979692,717,
2979776,717,
2979834,1682232,717,
2994760,408641,729,
2994927,1334958,729,
2994941,239075,729,
2994949,149701,729,
2994971,1620274,729,
2994977,792419,729,
3014413,1396373,717,
3014447,1682232,717,
3032515,4707,
3032536,383828,4707,
3032661,373904,4707,
3089923,1419881,729,
3090975,1400573,761,
3091124,1258596,761,
3091170,621595,761,
3091660,772,
3091745,772,
3124854,761,
3129264,1494434,761,
3138448,1415,
3140814,2042,
3164205,761,
3164295,761,
3171313,1527687,239,
3171320,1077422,239,
3171382,239,
3171408,1628285,239,
3171415,1693875,239,
3171417,101411,239,
3171450,449703,239,
3171477,1703564,239,
3171525,1231321,239,
3206513,729,
3206566,1415058,729,
3206582,729,
3206610,729,
3211184,1082362,239,
3211207,239,
3211216,1536469,239,
3211342,1000088,239,
3222360,2001,
3222387,2001,
3227928,717,
3228123,717,
3263788,418288,239,
729,23442,23509,23576,129010,129047,129090,129125,129139,129202,206183,206299,206332,206377,206384,542581,731626,731630,731668,731696,929895,1061545,1127383,1127434,1127548,1291837,1292290,2021037,2393496,2393564,2883455,2994760,2994927,2994941,2994949,2994971,2994977,3089923,3206513,3206566,3206582,3206610,
772,24681,24868,718196,718261,718314,718373,1273324,1476460,1476465,1476526,1476527,3091660,3091745,
945,32811,32846,32856,32943,60610,60959,60967,275208,275245,532001,532047,532112,712733,721621,721673,721715,721777,917687,917750,917760,1141467,1421414,1724721,2148010,2376118,2376158,2376169,
239,43724,99739,99764,99783,99802,99817,99839,99874,133883,133890,133903,133947,1160485,134015,134023,134059,134068,314887,314984,315011,315059,315088,353794,353795,498636,934093,503566,503575,2443933,635440,635441,635504,635617,635626,804785,804797,804827,827105,827160,827163,827193,827202,1364353,827300,827317,890607,890663,890666,890678,890683,890696,890711,3171313,890778,890784,933772,933775,1160493,934112,934153,1000827,1006871,1007014,1027727,1027754,1027764,1027851,1027854,1027950,1032288,1036515,1036517,1036528,1036726,1050148,1050202,1050205,1050227,1050293,1081169,1081189,1081266,1081274,1081282,1081331,1081344,1081361,1088119,1088149,1088201,1088228,1088266,1088277,1088280,1088295,1088353,1160525,1160534,1160537,1160539,1254884,1254972,1255043,2638766,1364258,1364302,1364303,2164590,1364328,1364363,1364425,1410654,1436401,1436492,3211184,1436509,1436545,1436581,1436609,1436628,1757136,2765603,1451450,1451478,1451513,1451563,1492010,1492045,1492052,1492159,1542961,1543037,1543059,1543060,1543067,1543098,1563762,1578506,1643254,1643324,1643338,1643353,1643387,1643425,1655274,1655280,1655323,1655409,1692421,1692481,1692525,1692559,1692561,1692566,1719894,1757052,1757067,1840493,1840560,1840567,1840578,1840638,1884188,1884333,2372013,1976099,1976101,1976114,1976146,1976158,1976201,1976202,1976203,1976237,1976257,1993233,1993241,1993263,1993295,1993319,1993367,1993376,1993380,1993396,1993448,1993451,2090981,2164387,2164412,2164461,2164538,2164557,2164565,2183090,2183137,2183181,2190366,2324049,2327401,2327420,2352882,2352891,2352921,2352960,2352982,2352987,2353028,2353038,2353052,2353074,2907747,2443873,2443883,2443957,2544886,2544895,2544961,2544995,2545012,2545032,2545034,2545081,2565661,2638666,2638686,2638735,2638747,2638771,2638860,2638870,2683094,2683100,2739691,2760682,2760699,2760708,2760761,2760764,2760785,2760793,2760818,2760875,2765519,2765690,2766010,2782492,2907714,2907740,2907798,2908324,2908354,2930077,2930082,2940157,2940167,2940254,2940314,2962176,2962184,2962338,2962342,2962347,2962368,2962390,2962414,3171320,3171382,3171408,3171415,3171417,3171450,3171477,3171525,3211207,3211216,3211342,3263788,
1277,45660,110443,110471,228145,228185,228207,228274,291359,411380,411418,411453,603017,1652418,2192815,2973321,2973400,2973482,
2001,76527,76540,76542,76548,76556,76565,76611,76624,76627,76635,76677,76680,248952,248971,248974,248989,249072,249074,249081,249101,249134,249136,433290,433357,433369,433389,433408,433412,433419,433431,433434,433509,433516,433520,433531,444120,444136,444147,444172,444188,444281,444282,444286,444295,444302,444304,444305,444311,444325,444346,623051,623143,623148,623150,633311,633320,633384,633386,633407,633422,633436,633438,633460,789067,790035,814428,814433,814439,814643,814671,823816,823828,823932,823947,823958,823977,824033,1015832,1015847,1015892,1015988,1016042,1016061,1024881,1024893,1024915,1024927,1024955,1025007,1424271,1424278,1424307,1424434,1424437,1424453,1424455,1424480,1424481,1579092,1579274,1579328,1632044,1632106,1632147,1632199,1632215,1632224,1632235,1632248,1632260,1632261,1810818,1810827,1810843,1810845,1810865,1810875,1810936,1810956,1810976,1862998,1863001,2035472,2964297,2964431,2964532,2964626,2964726,2964731,3222360,3222387,
761,93038,93102,93110,93127,93139,93217,157261,274060,274124,274149,353065,353201,420951,421106,461127,461335,543891,543896,543909,544071,610872,733081,733082,766283,793136,793268,802904,823373,823636,840254,995381,995414,995548,1004782,1004821,1004925,1068336,1128747,1128798,1128820,1128823,1128869,1128972,1199808,1200006,1205895,1205923,1205925,1205935,1205956,1205976,1332301,1332340,1333663,1333696,1333706,1406493,1406521,1406546,1412332,1412531,1517472,1541944,1541947,1541959,1583346,1729760,1729838,1729881,1729960,1762431,1767511,1767691,1798523,1925308,1925400,1925496,1951241,1956692,1983380,1983703,1983754,1983806,1983906,1983911,2105611,2105640,2289856,2289881,2289899,2298008,2328543,2328557,2328562,2328583,2328754,2363564,2363576,2522066,2522115,2522205,2522219,2556487,2556563,2556606,2637152,2682648,2714581,2727802,2929346,2929347,2929390,2937403,2954284,2954319,2954328,3090975,3091124,3091170,3124854,3129264,3164205,3164295,
2756,111254,421889,421912,611970,611995,803970,1006285,1758359,
3751,161459,161490,599145,790229,790291,1607045,1981454,
2042,202591,228367,228372,228382,228413,245913,355487,501597,501668,533812,634652,634669,634687,758579,1040427,1040439,1040444,1176366,1176397,1265663,1275764,1472060,1736831,1736896,1736904,1771707,1771718,1771722,1771776,1873006,1873066,1873074,2021175,2021194,2215483,2215512,2312679,2312684,2312705,2312706,3140814,
3323,237057,237102,237159,389925,390013,604001,773321,773343,773379,930965,1128474,1128599,1128609,1175273,1380854,1380910,1380926,1541509,1541544,1541671,1588195,1588219,1966744,1966747,1966954,
4707,742576,2434545,2914420,3032515,3032536,3032661,
717,882138,882269,882682,1077688,1284849,1512256,1638556,1824644,2008008,2040567,2040591,2040654,2040682,2229713,2229772,2582050,2611702,2611815,2777590,2777681,2811263,2979692,2979776,2979834,3014413,3014447,3227928,3228123,
5644,1425732,
1415,3138448,
