16296,6
16350,61
16449,6
16450,21
16458,61
16475,61
16483,6
16487,6
16568,6
16771,6
16945,6
16969,6
17113,6
17199,21
17384,21
17399,6
17420,21
17457,21
17500,42
17695,21
17731,42
17764,21
17837,21
17958,21
17971,6
17984,6
18023,6
18048,21
18133,42
18135,42
18316,42
18429,21
18581,42
18583,21
18617,21
18691,21
18823,6
19255,21
19384,21
19420,21
19425,42
19512,80
19514,6
19533,21
19584,21
19673,6
19823,21
19842,61
19887,61
19986,21
20084,21
20102,21
20199,21
20229,61
20268,21
20298,15
20328,21
20364,21
20410,55
20425,6
20562,6
20690,6
20931,6
21069,21
21074,42
21101,21
21157,6
21183,21
21197,21
21489,80
21513,6
21520,6
21795,21
21868,21
21918,42
22130,89
22277,6
22387,42
22455,6
22512,21
22539,6
22591,21
22639,6
22749,42
22774,21
22783,21
22943,61
23086,55
23170,6
23222,89
23267,6
23353,21
23365,6
23546,21
23560,21
23580,89
23643,42
23650,6
23692,55
23847,42
23898,21
23962,21
24040,89
24062,89
24085,21
24107,6
24265,55
24318,55
24689,55
25012,80
25057,80
25151,55
25425,55
25529,63
25981,55
26103,21
26110,6
26168,42
26332,55
26346,21
26395,89
26397,89
26398,89
26473,6
27236,6
27465,21
27507,80
27528,80
27585,55
27586,42
27754,80
27815,89
27825,21
27931,61
27935,6
28415,6
28508,80
28513,6
28611,80
28722,6
28779,80
28850,80
29270,42
29305,61
29819,6
29934,55
29976,6
30139,6
30639,21
30714,80
30812,80
31127,55
31148,21
31218,55
31310,21
31431,55
31668,55
31676,55
31806,80
31820,21
31870,21
32007,55
32089,6
32178,21
32188,21
32266,1
32330,26
32380,89
32656,42
32923,42
33064,89
33188,6
33286,21
33365,55
33455,55
33479,6
33541,21
33589,80
33614,21
33963,61
34021,21
13,56
14,62
24,16
29,66
66,37
75,37
89,57
99,62
122,13
168,51
185,52
207,11
218,2
263,2
265,2
314,56
340,57
367,62
381,37
407,37
454,62
462,44
475,37
511,44
526,2
527,62
548,81
555,22
562,16
565,62
631,56
664,62
681,51
694,77
715,30
723,62
739,19
743,44
801,19
834,30
874,57
881,62
904,11
957,5
966,83
974,23
997,37
1005,44
1051,30
1078,16
1124,55
1144,62
1151,62
1157,44
1163,16
1174,19
1185,37
1261,52
1273,2
1292,33
1336,37
1364,22
1371,20
1380,20
1391,16
1407,62
1409,25
1413,44
1545,7
1552,62
1573,51
1630,57
1632,57
1746,52
1752,62
1819,62
1838,39
1876,2
1896,18
1952,60
1972,51
1985,98
2007,16
2010,16
2022,16
2055,36
2079,62
2082,44
2130,62
2170,50
2218,57
2232,44
2243,62
2268,20
2287,14
2298,62
2327,57
2358,44
2360,37
2377,62
2474,62
2510,2
2552,90
2565,37
2577,8
2581,20
2627,52
2666,62
2668,19
2697,37
2725,62
2731,44
2732,19
2748,56
2756,20
2796,16
2810,56
2811,56
2832,55
2849,44
2868,8
2951,62
3007,56
3049,30
3061,16
3063,62
3123,57
3145,5
3148,51
3153,2
3176,44
3179,44
3189,32
3202,44
3214,2
3248,56
3254,37
3321,57
3322,29
3338,44
3348,5
3375,16
3376,40
3407,2
3424,99
3471,37
3513,30
3522,2
3529,2
3558,23
3559,60
3606,44
3642,44
3678,62
3692,44
3712,56
3759,53
3873,16
3880,2
3884,56
3888,62
3904,20
3907,2
3999,10
4009,62
4102,28
4168,69
4175,44
4207,62
4213,18
4239,19
4248,51
4335,55
4377,3
4383,62
4478,30
4484,54
4562,92
4565,83
4670,19
4697,62
4704,8
4752,37
4768,56
4782,44
4795,62
4838,62
4840,62
4880,62
4890,19
4952,57
4965,19
4966,75
4978,62
5012,5
5026,18
5030,69
5053,62
5056,24
5112,19
5172,57
5195,56
5217,30
5218,62
5284,52
5321,11
5352,62
5359,16
5366,20
5368,55
5408,16
5435,5
5460,13
5467,2
5506,57
5509,62
5532,20
5542,2
5557,86
5560,19
5601,16
5623,30
5633,55
5642,19
5646,44
5651,16
5670,44
5685,5
5701,18
5734,20
5759,62
5830,73
5834,62
5835,16
5844,19
5878,44
5890,19
5969,62
5984,19
5995,62
6016,37
6050,85
6082,18
6099,62
6106,100
6144,37
6161,37
6216,62
6242,18
6280,20
6311,5
6312,62
6322,19
6335,4
6429,62
6530,62
6562,9
6592,14
6631,62
6685,56
6688,44
6715,52
6786,52
6794,8
6828,37
6833,62
6852,19
6933,5
6941,30
6962,8
6970,56
6976,30
7009,19
7018,62
7038,5
7054,44
7071,16
7181,69
7224,55
7238,52
7321,69
7349,19
7353,16
7420,10
7439,62
7443,62
7460,18
7495,62
7511,2
7515,52
7534,37
7536,20
7581,55
7601,16
7744,57
7788,44
7791,55
7796,52
7810,16
7813,16
7819,44
7912,19
7949,8
7975,20
7987,62
8002,18
8007,18
8023,52
8035,44
8036,44
8056,62
8061,69
8144,20
8179,62
8273,55
8292,51
8380,62
8414,62
8430,19
8466,55
8470,16
8482,20
8487,27
8513,44
8517,51
8530,62
8596,62
8598,16
8617,20
8619,56
8627,34
8630,44
8631,62
8647,67
8664,44
8696,8
8719,62
8724,16
8764,62
8782,44
8783,19
8804,51
8809,69
8813,5
8815,52
8830,16
8910,18
8969,57
9091,74
9098,44
9100,58
9106,20
9141,55
9164,44
9166,56
9170,62
9176,84
9236,19
9248,62
9264,20
9269,97
9270,62
9291,62
9294,62
9295,62
9318,44
9330,17
9369,56
9383,13
9387,57
9390,16
9409,2
9424,37
9466,23
9645,38
9649,44
9692,62
9706,69
9791,44
9799,44
9859,20
9986,57
10019,31
10035,19
10081,46
10085,5
10151,69
10166,56
10195,2
10231,2
10255,20
10274,8
10278,30
10290,62
10305,56
10329,56
10365,62
10375,16
10389,69
10402,16
10440,2
10452,44
10540,30
10546,62
10567,30
10582,16
10621,2
10634,19
10653,79
10662,37
10667,30
10672,43
10673,62
10677,72
10770,18
10981,62
10990,59
10996,62
11055,55
11079,62
11112,56
11152,78
11154,20
11155,37
11172,16
11183,62
11196,19
11230,56
11242,19
11257,62
11259,20
11299,62
11308,13
11343,51
11365,16
11371,20
11408,62
11443,37
11485,8
11506,62
11519,47
11596,95
11600,62
11617,62
11642,12
11683,62
11700,44
11836,62
11861,2
11884,51
11896,37
11897,52
11939,13
11941,19
11958,62
12015,65
12057,62
12063,94
12088,55
12108,16
12155,16
12228,37
12342,2
12347,62
12365,62
12388,35
12389,88
12396,19
12490,2
12505,56
12567,96
12581,57
12582,62
12599,56
12623,17
12677,62
12682,68
12693,46
12702,3
12739,55
12745,60
12746,44
12755,2
12781,25
12784,19
12797,16
12800,2
12816,19
12819,52
12828,83
12864,2
12866,37
12876,20
12902,4
12916,51
12927,49
12958,44
12997,62
13058,19
13074,44
13086,19
13285,23
13318,19
13334,2
13383,44
13406,52
13426,2
13436,62
13536,56
13584,51
13589,20
13617,57
13627,20
13634,101
13657,25
13705,2
13735,44
13743,30
13764,44
13765,52
13775,37
13781,56
13798,56
13941,8
13947,56
13950,2
14009,16
14030,60
14032,30
14043,55
14118,87
14121,55
14179,20
14191,71
14203,20
14206,51
14208,62
14210,19
14230,19
14241,62
14272,37
14300,69
14321,44
14323,8
14334,62
14360,30
14367,19
14385,76
14418,16
14460,19
14479,18
14491,62
14532,69
14538,55
14557,33
14571,57
14632,41
14642,57
14644,64
14673,5
14682,19
14700,37
14714,19
14716,62
14725,19
14755,19
14762,19
14846,56
14848,52
14874,55
14895,51
14930,44
14957,5
14981,45
15007,48
15029,5
15052,19
15054,19
15080,20
15097,55
15143,5
15163,56
15223,83
15259,55
15291,5
15308,44
15333,62
15347,57
15365,18
15374,37
15377,19
15393,62
15440,3
15452,55
15459,2
15478,52
15510,5
15517,44
15554,14
15609,44
15671,82
15682,5
15698,44
15707,2
15719,18
15739,69
15777,62
15801,19
15815,93
15860,60
15879,0
15880,62
15909,55
15934,37
15936,69
15950,62
15954,70
15956,44
15973,56
15995,62
16035,37
16051,19
16091,56
16121,91
16174,62
16245,8
