16296,4239,3061,6631,
16350,14032,6833,7810,7443,1972,
16449,3513,6335,15671,
16450,3712,7349,
16458,5012,8813,14479,
16475,13536,3888,10582,3999,
16483,9424,5984,1896,3529,14491,7949,11896,
16487,7912,3189,8783,
16568,801,6530,4795,3214,
16771,14682,15459,8530,15007,
16945,10081,16051,8696,10329,3907,475,13950,
16969,5321,6941,10662,15007,
17113,3880,314,12876,5506,12623,
17199,8036,407,6106,5532,381,10365,
17384,11897,
17399,12784,957,
17420,10672,11055,11299,2243,1371,12063,13743,
17457,723,8470,8430,263,
17500,5560,2298,
17695,14321,3202,1413,
17731,1632,7601,9106,14272,874,
17764,6933,
17837,15097,
17958,8470,2055,
17971,7810,11155,10662,7975,11257,2748,6685,10540,
17984,11152,562,7349,15719,4009,8380,
18023,10305,6322,16035,10278,1819,715,14,15995,
18048,11230,3759,
18133,10278,
18135,5112,15950,
18316,14930,
18429,6082,10770,8910,
18581,13426,1051,11485,16245,
18583,8815,6786,7819,8804,11343,
18617,9390,13318,4965,
18691,1336,2668,6715,4484,3063,
18823,3049,2170,14121,
19255,7009,1380,15973,10151,
19384,5026,
19420,15517,
19425,6016,881,8179,526,1078,12745,14716,6099,14,
19512,11617,11308,15934,13086,
19514,6280,14644,
19533,15459,548,8627,8719,
19584,1972,2358,5646,
19673,5218,14323,4978,8466,3179,66,
19823,4704,462,
19842,75,11836,
19887,14334,15510,9166,2565,
19986,10166,
20084,9248,11152,9170,8969,5321,
20102,15719,207,1391,
20199,3153,10990,
20229,14210,11371,1364,14203,14367,555,7420,15007,
20268,11230,
20298,10019,14846,14118,12623,
20328,9409,11884,29,8007,
20364,24,4009,5890,9859,14118,
20410,664,8513,10996,13589,5969,
20425,1985,11642,6794,10677,
20562,2552,13436,2130,5284,
20690,265,13764,
20931,11600,6688,9294,1838,
21069,5467,1292,14557,
21074,5685,
21101,12864,3176,1876,12342,2832,
21157,5359,
21183,15609,5026,5701,
21197,681,997,
21489,2010,9091,1407,
21513,15936,3321,14642,15909,
21520,6216,8530,9141,12599,
21795,10195,11861,
21868,8664,3338,511,
21918,15259,
22130,15440,
22277,8144,5995,2287,
22387,8513,7796,
22455,13781,
22512,3148,1409,7788,207,
22539,1185,
22591,8273,13383,
22639,9791,2731,12228,12828,7791,
22749,562,12797,6828,10274,11154,5053,
22774,1364,1573,4377,6312,16121,15291,14957,
22783,12389,
22943,4697,12702,4207,
23086,5352,15777,11506,12108,3642,
23170,7054,743,
23222,8598,10375,
23267,7536,12088,1163,15365,
23353,9799,
23365,3907,12997,2474,8782,7439,6962,8724,13334,2218,15801,2810,10634,
23546,7224,15452,
23560,4890,2268,12677,11958,
23580,5056,14532,14981,5030,14538,7181,527,12816,13074,5557,12567,1752,12155,8061,8414,10389,
23643,5844,9295,
23650,8056,7744,3522,
23692,5368,8617,739,2732,15374,
23847,10081,14725,
23898,1273,8002,11196,12916,16245,
23962,12755,
24040,10673,2377,2474,263,2577,
24062,10667,10365,12702,5759,
24085,13584,185,5435,14895,6311,
24107,13617,15954,694,9369,9692,7581,
24265,11408,8482,12682,7534,8631,
24318,7987,14230,7238,
24689,2849,4562,3559,15143,15163,6050,14673,
25012,5408,7813,15080,14191,2581,9269,3678,10981,
25057,3407,11443,12581,10231,14043,12927,
25151,4880,5366,
25425,3348,13705,2666,367,14762,13775,
25529,7321,14179,8809,
25981,13426,9236,15698,
26103,99,16091,
26110,15707,8764,10567,
26168,7460,3692,1005,
26332,14874,
26346,14272,5834,834,
26395,3049,8023,2022,2510,4335,
26397,4168,14300,12155,15052,14030,3007,
26398,9164,3606,5670,
26473,12746,8035,15956,
27236,4768,9706,6970,6429,4383,
27465,15880,13634,10231,
27507,9330,631,8619,3884,10653,4670,
27528,11112,11259,
27585,14874,
27586,14848,15308,5878,15478,
27754,4840,11112,14700,10653,
27815,10290,15333,7018,1545,9098,15739,10621,
27825,12819,2627,4565,8630,15223,13657,9318,
27931,9649,5890,16051,14360,122,2232,7810,
27935,10440,10255,12396,3375,
28415,8380,3189,
28508,904,5217,10274,7581,2327,
28513,562,1746,11079,
28611,3712,12505,12866,6852,15950,
28722,6976,9986,11939,8517,7515,15054,2079,
28779,1144,14571,1174,10278,
28850,6592,14241,12347,11596,13,
29270,15973,8487,
29305,14632,2082,1157,12781,2007,
29819,1124,3558,5542,9466,974,13285,
29934,14385,5218,9645,4478,
29976,2868,3873,12388,11941,4565,
30139,10662,8647,
30639,15879,14755,1151,
30714,3873,9387,5172,1630,
30812,15377,15347,340,4952,89,9091,7071,
31127,3376,9649,15682,4213,6833,2360,7511,9100,14930,8830,
31148,3424,168,966,
31218,10085,15143,
31310,6144,10770,6242,
31431,7796,10035,5460,5830,
31668,13058,5366,5734,5835,14418,10677,
31676,3248,3904,15554,10019,11172,16174,5601,2298,13947,12958,
31806,5651,3322,11259,6106,11519,
31820,8292,10452,13775,
31870,12015,
32007,9176,15860,11365,
32089,2666,
32178,14208,218,9291,2796,3678,
32188,11242,5012,5509,7038,
32266,5642,9383,4102,15815,
32330,9270,11700,13406,1838,4175,
32380,4752,15393,2725,6161,12057,2811,12365,
32656,14385,13627,13765,454,3123,
32923,4697,
33064,10546,2756,565,
33188,5633,6562,15163,13941,2697,5195,
33286,1952,4704,10402,12739,13334,4782,12015,
33365,4966,7495,
33455,9264,12800,8596,12902,3254,2951,7353,11183,3471,
33479,15374,14206,13735,
33541,4248,3145,11683,1261,
33589,12693,15029,
33614,12490,14714,5623,
33963,10662,4838,14009,314,13798,8783,
34021,6976,1552,14460,12582,
13,28850,
14,19425,18023,
24,20364,
29,20328,
66,19673,
75,19842,
89,30812,
99,26103,
122,27931,
168,31148,
185,24085,
207,22512,20102,
218,32178,
263,24040,17457,
265,20690,
314,17113,33963,
340,30812,
367,25425,
381,17199,
407,17199,
454,32656,
462,19823,
475,16945,
511,21868,
526,19425,
527,23580,
548,19533,
555,20229,
562,17984,28513,22749,
565,33064,
631,27507,
664,20410,
681,21197,
694,24107,
715,18023,
723,17457,
739,23692,
743,23170,
801,16568,
834,26346,
874,17731,
881,19425,
904,28508,
957,17399,
966,31148,
974,29819,
997,21197,
1005,26168,
1051,18581,
1078,19425,
1124,29819,
1144,28779,
1151,30639,
1157,29305,
1163,23267,
1174,28779,
1185,22539,
1261,33541,
1273,23898,
1292,21069,
1336,18691,
1364,20229,22774,
1371,17420,
1380,19255,
1391,20102,
1407,21489,
1409,22512,
1413,17695,
1545,27815,
1552,34021,
1573,22774,
1630,30714,
1632,17731,
1746,28513,
1752,23580,
1819,18023,
1838,32330,20931,
1876,21101,
1896,16483,
1952,33286,
1972,19584,16350,
1985,20425,
2007,29305,
2010,21489,
2022,26395,
2055,17958,
2079,28722,
2082,29305,
2130,20562,
2170,18823,
2218,23365,
2232,27931,
2243,17420,
2268,23560,
2287,22277,
2298,31676,17500,
2327,28508,
2358,19584,
2360,31127,
2377,24040,
2474,24040,23365,
2510,26395,
2552,20562,
2565,19887,
2577,24040,
2581,25012,
2627,27825,
2666,25425,32089,
2668,18691,
2697,33188,
2725,32380,
2731,22639,
2732,23692,
2748,17971,
2756,33064,
2796,32178,
2810,23365,
2811,32380,
2832,21101,
2849,24689,
2868,29976,
2951,33455,
3007,26397,
3049,26395,18823,
3061,16296,
3063,18691,
3123,32656,
3145,33541,
3148,22512,
3153,20199,
3176,21101,
3179,19673,
3189,28415,16487,
3202,17695,
3214,16568,
3248,31676,
3254,33455,
3321,21513,
3322,31806,
3338,21868,
3348,25425,
3375,27935,
3376,31127,
3407,25057,
3424,31148,
3471,33455,
3513,16449,
3522,23650,
3529,16483,
3558,29819,
3559,24689,
3606,26398,
3642,23086,
3678,32178,25012,
3692,26168,
3712,16450,28611,
3759,18048,
3873,29976,30714,
3880,17113,
3884,27507,
3888,16475,
3904,31676,
3907,16945,23365,
3999,16475,
4009,17984,20364,
4102,32266,
4168,26397,
4175,32330,
4207,22943,
4213,31127,
4239,16296,
4248,33541,
4335,26395,
4377,22774,
4383,27236,
4478,29934,
4484,18691,
4562,24689,
4565,29976,27825,
4670,27507,
4697,32923,22943,
4704,33286,19823,
4752,32380,
4768,27236,
4782,33286,
4795,16568,
4838,33963,
4840,27754,
4880,25151,
4890,23560,
4952,30812,
4965,18617,
4966,33365,
4978,19673,
5012,16458,32188,
5026,19384,21183,
5030,23580,
5053,22749,
5056,23580,
5112,18135,
5172,30714,
5195,33188,
5217,28508,
5218,19673,29934,
5284,20562,
5321,16969,20084,
5352,23086,
5359,21157,
5366,31668,25151,
5368,23692,
5408,25012,
5435,24085,
5460,31431,
5467,21069,
5506,17113,
5509,32188,
5532,17199,
5542,29819,
5557,23580,
5560,17500,
5601,31676,
5623,33614,
5633,33188,
5642,32266,
5646,19584,
5651,31806,
5670,26398,
5685,21074,
5701,21183,
5734,31668,
5759,24062,
5830,31431,
5834,26346,
5835,31668,
5844,23643,
5878,27586,
5890,27931,20364,
5969,20410,
5984,16483,
5995,22277,
6016,19425,
6050,24689,
6082,18429,
6099,19425,
6106,31806,17199,
6144,31310,
6161,32380,
6216,21520,
6242,31310,
6280,19514,
6311,24085,
6312,22774,
6322,18023,
6335,16449,
6429,27236,
6530,16568,
6562,33188,
6592,28850,
6631,16296,
6685,17971,
6688,20931,
6715,18691,
6786,18583,
6794,20425,
6828,22749,
6833,16350,31127,
6852,28611,
6933,17764,
6941,16969,
6962,23365,
6970,27236,
6976,28722,34021,
7009,19255,
7018,27815,
7038,32188,
7054,23170,
7071,30812,
7181,23580,
7224,23546,
7238,24318,
7321,25529,
7349,17984,16450,
7353,33455,
7420,20229,
7439,23365,
7443,16350,
7460,26168,
7495,33365,
7511,31127,
7515,28722,
7534,24265,
7536,23267,
7581,24107,28508,
7601,17731,
7744,23650,
7788,22512,
7791,22639,
7796,22387,31431,
7810,27931,17971,16350,
7813,25012,
7819,18583,
7912,16487,
7949,16483,
7975,17971,
7987,24318,
8002,23898,
8007,20328,
8023,26395,
8035,26473,
8036,17199,
8056,23650,
8061,23580,
8144,22277,
8179,19425,
8273,22591,
8292,31820,
8380,17984,28415,
8414,23580,
8430,17457,
8466,19673,
8470,17457,17958,
8482,24265,
8487,29270,
8513,20410,22387,
8517,28722,
8530,21520,16771,
8596,33455,
8598,23222,
8617,23692,
8619,27507,
8627,19533,
8630,27825,
8631,24265,
8647,30139,
8664,21868,
8696,16945,
8719,19533,
8724,23365,
8764,26110,
8782,23365,
8783,33963,16487,
8804,18583,
8809,25529,
8813,16458,
8815,18583,
8830,31127,
8910,18429,
8969,20084,
9091,21489,30812,
9098,27815,
9100,31127,
9106,17731,
9141,21520,
9164,26398,
9166,19887,
9170,20084,
9176,32007,
9236,25981,
9248,20084,
9264,33455,
9269,25012,
9270,32330,
9291,32178,
9294,20931,
9295,23643,
9318,27825,
9330,27507,
9369,24107,
9383,32266,
9387,30714,
9390,18617,
9409,20328,
9424,16483,
9466,29819,
9645,29934,
9649,27931,31127,
9692,24107,
9706,27236,
9791,22639,
9799,23353,
9859,20364,
9986,28722,
10019,20298,31676,
10035,31431,
10081,16945,23847,
10085,31218,
10151,19255,
10166,19986,
10195,21795,
10231,25057,27465,
10255,27935,
10274,28508,22749,
10278,28779,18133,18023,
10290,27815,
10305,18023,
10329,16945,
10365,24062,17199,
10375,23222,
10389,23580,
10402,33286,
10440,27935,
10452,31820,
10540,17971,
10546,33064,
10567,26110,
10582,16475,
10621,27815,
10634,23365,
10653,27754,27507,
10662,16969,17971,30139,33963,
10667,24062,
10672,17420,
10673,24040,
10677,20425,31668,
10770,18429,31310,
10981,25012,
10990,20199,
10996,20410,
11055,17420,
11079,28513,
11112,27528,27754,
11152,17984,20084,
11154,22749,
11155,17971,
11172,31676,
11183,33455,
11196,23898,
11230,18048,20268,
11242,32188,
11257,17971,
11259,27528,31806,
11299,17420,
11308,19512,
11343,18583,
11365,32007,
11371,20229,
11408,24265,
11443,25057,
11485,18581,
11506,23086,
11519,31806,
11596,28850,
11600,20931,
11617,19512,
11642,20425,
11683,33541,
11700,32330,
11836,19842,
11861,21795,
11884,20328,
11896,16483,
11897,17384,
11939,28722,
11941,29976,
11958,23560,
12015,33286,31870,
12057,32380,
12063,17420,
12088,23267,
12108,23086,
12155,23580,26397,
12228,22639,
12342,21101,
12347,28850,
12365,32380,
12388,29976,
12389,22783,
12396,27935,
12490,33614,
12505,28611,
12567,23580,
12581,25057,
12582,34021,
12599,21520,
12623,17113,20298,
12677,23560,
12682,24265,
12693,33589,
12702,24062,22943,
12739,33286,
12745,19425,
12746,26473,
12755,23962,
12781,29305,
12784,17399,
12797,22749,
12800,33455,
12816,23580,
12819,27825,
12828,22639,
12864,21101,
12866,28611,
12876,17113,
12902,33455,
12916,23898,
12927,25057,
12958,31676,
12997,23365,
13058,31668,
13074,23580,
13086,19512,
13285,29819,
13318,18617,
13334,23365,33286,
13383,22591,
13406,32330,
13426,18581,25981,
13436,20562,
13536,16475,
13584,24085,
13589,20410,
13617,24107,
13627,32656,
13634,27465,
13657,27825,
13705,25425,
13735,33479,
13743,17420,
13764,20690,
13765,32656,
13775,25425,31820,
13781,22455,
13798,33963,
13941,33188,
13947,31676,
13950,16945,
14009,33963,
14030,26397,
14032,16350,
14043,25057,
14118,20298,20364,
14121,18823,
14179,25529,
14191,25012,
14203,20229,
14206,33479,
14208,32178,
14210,20229,
14230,24318,
14241,28850,
14272,26346,17731,
14300,26397,
14321,17695,
14323,19673,
14334,19887,
14360,27931,
14367,20229,
14385,32656,29934,
14418,31668,
14460,34021,
14479,16458,
14491,16483,
14532,23580,
14538,23580,
14557,21069,
14571,28779,
14632,29305,
14642,21513,
14644,19514,
14673,24689,
14682,16771,
14700,27754,
14714,33614,
14716,19425,
14725,23847,
14755,30639,
14762,25425,
14846,20298,
14848,27586,
14874,27585,26332,
14895,24085,
14930,18316,31127,
14957,22774,
14981,23580,
15007,16969,16771,20229,
15029,33589,
15052,26397,
15054,28722,
15080,25012,
15097,17837,
15143,24689,31218,
15163,24689,33188,
15223,27825,
15259,21918,
15291,22774,
15308,27586,
15333,27815,
15347,30812,
15365,23267,
15374,23692,33479,
15377,30812,
15393,32380,
15440,22130,
15452,23546,
15459,16771,19533,
15478,27586,
15510,19887,
15517,19420,
15554,31676,
15609,21183,
15671,16449,
15682,31127,
15698,25981,
15707,26110,
15719,17984,20102,
15739,27815,
15777,23086,
15801,23365,
15815,32266,
15860,32007,
15879,30639,
15880,27465,
15909,21513,
15934,19512,
15936,21513,
15950,28611,18135,
15954,24107,
15956,26473,
15973,29270,19255,
15995,18023,
16035,18023,
16051,16945,27931,
16091,26103,
16121,22774,
16174,31676,
16245,23898,18581,
