15051,432368,15051,
1570180,287953,1570180,
957520,1111428,957520,
1385,1128384,1277047,349739,1385,
1321029,287947,1321029,944507,1576556,
693888,1128437,307179,693888,
1438555,1111307,1111318,1111411,914625,1438555,970256,
996241,1111370,996241,899429,
219678,1128473,219678,
886037,604962,886037,
709582,1128438,709582,
1551828,604940,1551828,
961841,1128445,132025,378965,46129,961841,
197959,596662,78049,1481480,197959,132025,
598223,1128477,598223,
970607,1111410,970607,
402251,432388,402251,
698291,1128465,698291,
868510,1111401,868510,
676470,1111313,524880,676470,
429139,604943,429139,1417590,
1437428,1111427,1437428,
1676596,1111321,1676596,
565424,1128449,721981,565424,693803,581505,
349057,1128451,349057,
1604767,432382,1604767,
161551,683903,161551,
672682,1128464,1374873,672682,
566558,1128453,566558,
616972,683904,616972,
1233518,1111414,1233518,
551160,1128460,551160,662273,
727424,1128467,727424,1664911,
880110,287959,880110,
1447197,604935,1447197,576744,570940,357714,1375442,1522158,
765801,432350,604934,1128394,364358,765801,1566994,
1254900,1111357,1254900,
25201,683848,25201,
60911,432347,60911,
722676,1128436,825009,722676,738317,
518651,604938,879577,518651,
735706,1128381,710988,735706,831185,737954,
1080571,432364,1080571,
671576,287928,1128458,671576,
727807,1128486,672926,727807,803074,854989,711014,
1476173,1128474,1476173,
349760,1128456,349760,585113,
849529,683902,849529,
931580,1111404,931580,
712151,1128383,712151,
480628,287938,1128468,480628,594283,
1098748,287939,1098748,388537,563595,
730193,1128461,730193,
970256,1111411,1438555,970256,
164000,287924,164000,
959893,1111403,959893,
445655,287923,445655,
462940,1128432,462940,566979,
832255,432374,1657064,832255,
1238786,287927,1238786,
594370,1128455,1040798,594370,
257568,287926,1690609,257568,
910943,683923,910943,
167942,1111310,167942,1440398,
1133983,287949,1111409,1133983,
1616872,432360,836026,1616872,
1665738,287964,1665738,
984461,604941,984461,
1279468,287954,1279468,
1369879,432354,1369879,563595,
1091215,683907,1091215,
307179,1128437,307179,693888,
711014,1128385,1128486,711014,672926,727807,803074,854989,
1171483,287941,1171483,
865856,683790,865856,
1277047,1128384,1277047,349739,1385,
663697,1128481,663697,
570940,604935,1447197,576744,570940,357714,1375442,1522158,
467301,287943,467301,673714,
831185,1128381,710988,735706,831185,737954,
384865,683879,384865,
586607,1128448,586607,
1017867,432375,1017867,
145611,287962,145611,1481059,
1374873,1128464,1374873,672682,
577645,287933,432371,577645,
1252047,1111420,405297,1252047,
421878,287944,421878,
123554,604952,123554,
730418,1128441,730418,
1349006,604961,1111317,1349006,
1626350,1128475,1626350,
1440398,1111310,167942,1440398,
722586,1128462,722586,
364358,432350,604934,1128382,1128394,364358,765801,1566994,
989767,287951,287960,373253,989767,
1536619,432383,432384,1536619,
1481480,432372,596662,1481480,78049,197959,132025,
563595,287939,432354,1128491,1098748,388537,563595,1369879,
1312598,432353,1312598,
964339,604936,964339,
378965,287931,1128445,1165066,378965,132025,46129,961841,
405580,1111364,405580,
585113,1128456,349760,585113,
667933,432357,667933,778502,
535543,604953,535543,
160441,1111399,1128496,160441,
36712,287932,36712,
23508,432369,23508,
313039,1128470,313039,
381778,432373,1614991,381778,1553829,1132776,1349237,
1591282,683906,1591282,
92677,287942,1549945,92677,
549062,432366,432367,721795,549062,1673950,
1252864,1111353,1111358,1128494,1470916,1680587,911384,1252864,900973,1710445,
573668,287936,573668,
734616,1128393,734616,
729939,1128483,729939,
720697,1128447,720697,993346,
112336,1128471,112336,18247,
407,287955,407,
1423536,1111314,1423536,
1673950,432366,432367,721795,549062,1673950,
177290,1128390,177290,
1097531,604959,1097531,537258,
67766,683931,67766,
553517,1128388,553517,
381282,604933,381282,
1146520,287952,1146520,
944016,1128487,944016,
1001727,683932,1001727,
958014,1111311,958014,
1251991,1111350,1251991,
344452,287965,899429,344452,
1247689,604944,1247689,
857174,1111407,857174,
31223,683881,31223,
831052,1111306,1493537,831052,971225,1391658,
709981,1128476,1469506,709981,
720178,1128450,669793,720178,16393,
567784,604966,567784,
745903,432355,745903,
364475,604939,364475,
769241,432385,769241,
550318,1111322,1128442,550318,
1614991,432373,1614991,381778,1553829,1132776,1349237,
681535,1128485,681535,
1293811,683850,1293811,
683035,1128480,683035,
1257631,1111371,1257631,
881507,1111361,916874,881507,
944507,287947,1321029,944507,1576556,
1470022,683916,1470022,
1430442,1128391,1430442,
969782,1111366,721795,969782,
515972,287940,515972,616194,
1391658,1111306,1493537,831052,971225,1391658,
534891,1111405,534891,
878054,683818,878054,
1690609,287926,1690609,257568,
1132776,432373,1614991,381778,1553829,1132776,1349237,
1052061,287950,1052061,
1144935,287963,1144935,336265,392208,
53073,1111419,53073,
1165066,287931,1165066,378965,
581505,1128449,721981,565424,693803,581505,
1485224,1111415,1485224,
361675,432358,1128433,1128493,361675,
686157,1128469,686157,
537258,604959,1097531,537258,
1707039,604960,1707039,458569,
720494,1128387,720494,
1493500,1111412,1493500,
1311100,1128463,1311100,
952280,1111356,952280,720286,
884516,1111362,881689,953954,884516,
1698889,432381,1698889,
1255792,1111368,1255792,
1471777,1111417,1471777,
541402,604949,541402,
627676,1111416,627676,218670,
708041,1128396,708041,
336265,287963,1144935,336265,392208,
621177,604963,621177,
566978,1128400,566978,
1423594,1111413,422996,1423594,
1024973,432365,1024973,
910128,1111367,910128,
662273,1128460,551160,662273,
380561,604942,380561,
900254,1111352,900254,
1253480,1111421,1253480,
616194,287940,515972,616194,
843655,432348,843655,
1540990,287937,1540990,
356234,432362,356234,
1440905,1111319,1111426,1440905,
971225,1111306,1493537,831052,971225,1391658,
1436791,1111359,1048080,1436791,
692451,1128490,692451,
1510732,432370,1510732,24258,
253323,287956,253323,912171,
1044030,1111305,1044030,
18247,1128471,112336,18247,
46129,1128445,132025,378965,46129,961841,
854989,1128486,672926,727807,803074,854989,711014,
738317,1128436,825009,722676,738317,
711358,1128439,711358,
289496,287929,289496,
1158002,604948,1158002,
1664911,1128467,727424,1664911,
1549945,287942,432380,1128446,1549945,92677,370530,723001,
405359,604955,396555,1061038,405359,
27021,1111323,1128498,27021,
1576556,287947,1321029,944507,1576556,
1553829,432373,1614991,381778,1553829,1132776,1349237,
1469506,1111365,1128377,1128476,1469506,709981,
682744,1111423,682744,
132025,596662,1128445,78049,1481480,197959,132025,378965,46129,961841,
973723,683877,973723,
1061038,604955,396555,1061038,405359,
586623,1128452,586623,
388537,287939,1098748,388537,563595,
1040798,1128455,1040798,594370,
723001,1128446,1549945,370530,723001,
796410,432361,796410,
373253,287951,287960,373253,989767,
576546,432378,576546,
949451,1111351,949451,
961207,1128389,961207,
585501,1128397,585501,
705426,1128489,705426,
939108,1111422,939108,
953954,1111362,881689,953954,884516,
1413784,287957,1111363,1413784,
1421770,604950,1421770,
464439,1111408,464439,
707910,1128392,707910,
1375442,604935,1447197,576744,570940,357714,1375442,1522158,
953563,1111425,953563,
1667327,287961,1667327,
1657064,432374,1657064,832255,
1349237,432373,1614991,381778,1553829,1132776,1349237,
1472073,1111355,1472073,
826817,1128492,826817,
576744,604935,1447197,576744,570940,357714,1375442,1522158,
566979,1128432,462940,566979,
737954,1128381,710988,735706,831185,737954,
916874,1111361,916874,881507,
680835,683929,1128479,680835,
541409,432351,541409,
825009,1128436,825009,722676,738317,
671763,1128444,671763,698565,695363,550363,
778502,432357,667933,778502,
8441,432386,8441,
550613,1128482,550613,
993346,287958,1128447,993346,720697,
552372,604965,552372,
414271,683847,414271,
594283,1128468,480628,594283,
1478890,1128472,1478890,
673714,287943,467301,673714,
524880,1111313,524880,676470,
357714,604935,1447197,576744,570940,357714,1375442,1522158,
1683216,683855,1683216,
710988,1128381,710988,735706,831185,737954,
1566994,1128394,364358,1566994,765801,
405297,1111420,405297,1252047,
949423,1111308,949423,
972276,1111398,972276,
41767,604946,41767,
690039,604954,690039,
24258,432370,1510732,24258,
550363,1128444,671763,698565,695363,550363,
78049,596662,78049,1481480,197959,132025,
721981,1128449,721981,565424,693803,581505,
215924,432352,215924,
11610,683880,11610,
422996,1111413,422996,1423594,
1048080,1111359,1048080,1436791,
738714,1128488,738714,
880039,432359,880039,
1356495,287925,1356495,
349739,1128384,1277047,349739,1385,
767022,287934,767022,
370530,1128446,1549945,370530,723001,
456671,1111316,456671,
1481059,287962,145611,1481059,
1323841,1111369,1323841,
1421213,683905,1421213,
1630865,432387,1630865,
118171,287945,118171,
881689,1111362,881689,953954,884516,
396555,604955,396555,1061038,405359,
287710,604951,287710,
1493515,1111349,1493515,
773668,1128440,773668,
803074,1128486,672926,727807,803074,854989,711014,
720286,1111356,1128386,952280,720286,
879577,604938,879577,518651,
912171,287956,253323,912171,
220035,287935,287948,220035,
89978,1128454,89978,
10,1128497,10,
721795,432366,432367,1111366,721795,549062,1673950,969782,
1607409,1128478,1607409,
951433,604958,951433,
165051,1111360,1128457,165051,1470916,
955245,1111315,955245,
1235475,683909,1235475,
914625,1111307,1111354,914625,1438555,
693279,1128378,693279,
1680587,1111353,1470916,1680587,911384,1252864,900973,
725566,1128466,725566,1243406,
611104,834986,611104,
911384,1111353,1470916,1680587,911384,1252864,900973,
1522158,604935,1447197,576744,570940,357714,1375442,1522158,
709968,1128398,709968,
973392,1111312,973392,
1255740,1111429,1255740,
1493537,1111306,1493537,831052,971225,1391658,
550719,1128399,550719,
568581,1128380,550180,568581,
346185,1128495,346185,
1417590,604943,429139,1417590,
1243406,1128466,725566,1243406,
673715,604956,673715,
562879,1111400,562879,
504967,1128395,504967,
27018,683890,27018,
899429,287965,1111370,899429,344452,996241,
955744,1111406,955744,
900973,1111353,1470916,1680587,911384,1252864,900973,
826854,1128379,826854,
672926,1128486,672926,727807,803074,854989,711014,
693803,1128449,721981,565424,693803,581505,
695363,1128444,671763,698565,695363,550363,
1594992,287946,1594992,
16393,1128450,669793,720178,16393,
1188454,432377,1188454,
154383,604945,154383,
349105,1128459,349105,
1255746,1111424,1255746,
869467,1111320,869467,
550180,1128380,550180,568581,
458569,604960,1111309,1707039,458569,871335,
574765,604937,574765,
392208,287963,1144935,336265,392208,
388443,683878,388443,
528300,432363,528300,
1470916,1111348,1111353,1128457,1470916,1680587,911384,1252864,900973,165051,
456006,432376,456006,
713690,1111418,713690,
566893,1128484,566893,
1097952,604964,1097952,
819979,1128434,819979,
798856,287930,798856,
74431,432379,74431,
628463,1111402,628463,
305489,1128435,305489,
698565,1128444,671763,698565,695363,550363,
847441,683933,847441,
970852,683908,970852,
669793,1128450,669793,720178,16393,
987377,432349,987377,
1642923,432356,1128443,1642923,
406793,604957,406793,
871335,1111309,458569,871335,
218670,1111416,627676,218670,
1024614,840605,1024614,
1710445,1111358,1710445,1252864,
1697939,683930,1697939,
287923,445655,6,
287924,164000,6,
287925,1356495,6,
287926,1690609,257568,6,
287927,1238786,6,
287928,671576,6,
287929,289496,6,
287930,798856,6,
287931,1165066,378965,6,
287932,36712,6,
287933,577645,6,
287934,767022,6,
287935,220035,6,
287936,573668,6,
287937,1540990,6,
287938,480628,6,
287939,1098748,388537,563595,6,
287940,515972,616194,6,
287941,1171483,6,
287942,1549945,92677,6,
287943,467301,673714,6,
287944,421878,6,
287945,118171,6,
287946,1594992,6,
287947,1321029,944507,1576556,6,
287948,220035,6,
287949,1133983,6,
287950,1052061,6,
287951,373253,989767,6,
287952,1146520,6,
287953,1570180,6,
287954,1279468,6,
287955,407,6,
287956,253323,912171,6,
287957,1413784,6,
287958,993346,6,
287959,880110,6,
287960,373253,989767,6,
287961,1667327,6,
287962,145611,1481059,6,
287963,1144935,336265,392208,6,
287964,1665738,6,
287965,899429,344452,6,
432347,60911,87153,
432348,843655,87153,
432349,987377,87153,
432350,364358,765801,87153,
432351,541409,87153,
432352,215924,87153,
432353,1312598,87153,
432354,1369879,563595,87153,
432355,745903,87153,
432356,1642923,87153,
432357,667933,778502,87153,
432358,361675,87153,
432359,880039,87153,
432360,1616872,87153,
432361,796410,87153,
432362,356234,87153,
432363,528300,87153,
432364,1080571,87153,
432365,1024973,87153,
432366,721795,549062,1673950,87153,
432367,1673950,721795,549062,87153,
432368,15051,87153,
432369,23508,87153,
432370,1510732,24258,87153,
432371,577645,87153,
432372,1481480,87153,
432373,1614991,381778,1553829,1132776,1349237,87153,
432374,1657064,832255,87153,
432375,1017867,87153,
432376,456006,87153,
432377,1188454,87153,
432378,576546,87153,
432379,74431,87153,
432380,1549945,87153,
432381,1698889,87153,
432382,1604767,87153,
432383,1536619,87153,
432384,1536619,87153,
432385,769241,87153,
432386,8441,87153,
432387,1630865,87153,
432388,402251,87153,
596662,78049,1481480,197959,132025,91337,
604933,381282,91337,
604934,364358,765801,91337,
604935,1447197,576744,570940,357714,1375442,1522158,91337,
604936,964339,91337,
604937,574765,91337,
604938,879577,518651,91337,
604939,364475,91337,
604940,1551828,91337,
604941,984461,91337,
604942,380561,91337,
604943,429139,1417590,91337,
604944,1247689,91337,
604945,154383,91337,
604946,41767,91337,
604947,91337,
604948,1158002,91337,
604949,541402,91337,
604950,1421770,91337,
604951,287710,91337,
604952,123554,91337,
604953,535543,91337,
604954,690039,91337,
604955,396555,1061038,405359,91337,
604956,673715,91337,
604957,406793,91337,
604958,951433,91337,
604959,1097531,537258,91337,
604960,1707039,458569,91337,
604961,1349006,91337,
604962,886037,91337,
604963,621177,91337,
604964,1097952,91337,
604965,552372,91337,
604966,567784,91337,
683790,865856,117972,
683818,878054,118000,
683847,414271,118029,
683848,25201,118030,
683850,1293811,118032,
683855,1683216,118037,
683877,973723,118059,
683878,388443,118060,
683879,384865,118061,
683880,11610,118062,
683881,31223,118063,
683890,27018,118072,
683902,849529,118084,
683903,161551,118085,
683904,616972,118086,
683905,1421213,118087,
683906,1591282,118088,
683907,1091215,118089,
683908,970852,118090,
683909,1235475,118091,
683916,1470022,118098,
683923,910943,118105,
683929,680835,118111,
683930,1697939,118112,
683931,67766,118113,
683932,1001727,118114,
683933,847441,118115,
834986,611104,165128,
836026,1616872,165372,
840605,1024614,165640,
1111305,1044030,199921,
1111306,1493537,831052,971225,1391658,199921,
1111307,914625,1438555,199921,
1111308,949423,199921,
1111309,458569,871335,199921,
1111310,167942,1440398,199921,
1111311,958014,199921,
1111312,973392,199921,
1111313,524880,676470,199921,
1111314,1423536,199921,
1111315,955245,199921,
1111316,456671,199921,
1111317,1349006,199921,
1111318,1438555,199921,
1111319,1440905,199921,
1111320,869467,199921,
1111321,1676596,199921,
1111322,550318,199921,
1111323,27021,199921,
1111348,1470916,199926,
1111349,1493515,199926,
1111350,1251991,199926,
1111351,949451,199926,
1111352,900254,199926,
1111353,1470916,1680587,911384,1252864,900973,199926,
1111354,914625,199926,
1111355,1472073,199926,
1111356,952280,720286,199926,
1111357,1254900,199926,
1111358,1710445,1252864,199926,
1111359,1048080,1436791,199926,
1111360,165051,199926,
1111361,916874,881507,199926,
1111362,881689,953954,884516,199926,
1111363,1413784,199926,
1111364,405580,199926,
1111365,1469506,199926,
1111366,721795,969782,199926,
1111367,910128,199926,
1111368,1255792,199926,
1111369,1323841,199926,
1111370,996241,899429,199926,
1111371,1257631,199926,
1111398,972276,199941,
1111399,160441,199941,
1111400,562879,199941,
1111401,868510,199941,
1111402,628463,199941,
1111403,959893,199941,
1111404,931580,199941,
1111405,534891,199941,
1111406,955744,199941,
1111407,857174,199941,
1111408,464439,199941,
1111409,1133983,199941,
1111410,970607,199941,
1111411,1438555,970256,199941,
1111412,1493500,199941,
1111413,422996,1423594,199941,
1111414,1233518,199941,
1111415,1485224,199941,
1111416,627676,218670,199941,
1111417,1471777,199941,
1111418,713690,199941,
1111419,53073,199941,
1111420,405297,1252047,199941,
1111421,1253480,199941,
1111422,939108,199941,
1111423,682744,199941,
1111424,1255746,199941,
1111425,953563,199941,
1111426,1440905,199941,
1111427,1437428,199941,
1111428,957520,199941,
1111429,1255740,199941,
1128377,1469506,200236,
1128378,693279,200236,
1128379,826854,200236,
1128380,550180,568581,200236,
1128381,710988,735706,831185,737954,200236,
1128382,364358,200236,
1128383,712151,200236,
1128384,1277047,349739,1385,200236,
1128385,711014,200236,
1128386,720286,200236,
1128387,720494,200236,
1128388,553517,200236,
1128389,961207,200236,
1128390,177290,200236,
1128391,1430442,200236,
1128392,707910,200236,
1128393,734616,200236,
1128394,364358,1566994,765801,200236,
1128395,504967,200236,
1128396,708041,200236,
1128397,585501,200236,
1128398,709968,200236,
1128399,550719,200236,
1128400,566978,200236,
1128432,462940,566979,200237,
1128433,361675,200237,
1128434,819979,200237,
1128435,305489,200237,
1128436,825009,722676,738317,200237,
1128437,307179,693888,200237,
1128438,709582,200237,
1128439,711358,200237,
1128440,773668,200237,
1128441,730418,200237,
1128442,550318,200237,
1128443,1642923,200237,
1128444,671763,698565,695363,550363,200237,
1128445,132025,378965,46129,961841,200237,
1128446,1549945,370530,723001,200237,
1128447,720697,993346,200237,
1128448,586607,200237,
1128449,721981,565424,693803,581505,200237,
1128450,669793,720178,16393,200237,
1128451,349057,200237,
1128452,586623,200237,
1128453,566558,200237,
1128454,89978,200238,
1128455,1040798,594370,200238,
1128456,349760,585113,200238,
1128457,165051,1470916,200238,
1128458,671576,200238,
1128459,349105,200238,
1128460,551160,662273,200238,
1128461,730193,200238,
1128462,722586,200238,
1128463,1311100,200238,
1128464,1374873,672682,200238,
1128465,698291,200238,
1128466,725566,1243406,200238,
1128467,727424,1664911,200238,
1128468,480628,594283,200238,
1128469,686157,200238,
1128470,313039,200238,
1128471,112336,18247,200238,
1128472,1478890,200238,
1128473,219678,200238,
1128474,1476173,200238,
1128475,1626350,200238,
1128476,1469506,709981,200238,
1128477,598223,200238,
1128478,1607409,200238,
1128479,680835,200238,
1128480,683035,200238,
1128481,663697,200239,
1128482,550613,200239,
1128483,729939,200239,
1128484,566893,200239,
1128485,681535,200239,
1128486,672926,727807,803074,854989,711014,200239,
1128487,944016,200239,
1128488,738714,200239,
1128489,705426,200239,
1128490,692451,200239,
1128491,563595,200239,
1128492,826817,200239,
1128493,361675,200239,
1128494,1252864,200239,
1128495,346185,200239,
1128496,160441,200239,
1128497,10,200239,
1128498,27021,200239,
118000,683818,
118115,683933,
118037,683855,
118089,683907,
199926,1111348,1111349,1111350,1111351,1111352,1111353,1111354,1111355,1111356,1111357,1111358,1111359,1111360,1111361,1111362,1111363,1111364,1111365,1111366,1111367,1111368,1111369,1111370,1111371,
118086,683904,
118084,683902,
118090,683908,
118059,683877,
118111,683929,
118063,683881,
117972,683790,
165128,834986,
118072,683890,
118112,683930,
200239,1128481,1128482,1128483,1128484,1128485,1128486,1128487,1128488,1128489,1128490,1128491,1128492,1128493,1128494,1128495,1128496,1128497,1128498,
200237,1128432,1128433,1128434,1128435,1128436,1128437,1128438,1128439,1128440,1128441,1128442,1128443,1128444,1128445,1128446,1128447,1128448,1128449,1128450,1128451,1128452,1128453,
200238,1128454,1128455,1128456,1128457,1128458,1128459,1128460,1128461,1128462,1128463,1128464,1128465,1128466,1128467,1128468,1128469,1128470,1128471,1128472,1128473,1128474,1128475,1128476,1128477,1128478,1128479,1128480,
118085,683903,
199921,1111305,1111306,1111307,1111308,1111309,1111310,1111311,1111312,1111313,1111314,1111315,1111316,1111317,1111318,1111319,1111320,1111321,1111322,1111323,
6,287923,287924,287925,287926,287927,287928,287929,287930,287931,287932,287933,287934,287935,287936,287937,287938,287939,287940,287941,287942,287943,287944,287945,287946,287947,287948,287949,287950,287951,287952,287953,287954,287955,287956,287957,287958,287959,287960,287961,287962,287963,287964,287965,
118114,683932,
118062,683880,
91337,596662,604933,604934,604935,604936,604937,604938,604939,604940,604941,604942,604943,604944,604945,604946,604947,604948,604949,604950,604951,604952,604953,604954,604955,604956,604957,604958,604959,604960,604961,604962,604963,604964,604965,604966,
118030,683848,
118113,683931,
118087,683905,
165640,840605,
165372,836026,
199941,1111398,1111399,1111400,1111401,1111402,1111403,1111404,1111405,1111406,1111407,1111408,1111409,1111410,1111411,1111412,1111413,1111414,1111415,1111416,1111417,1111418,1111419,1111420,1111421,1111422,1111423,1111424,1111425,1111426,1111427,1111428,1111429,
87153,432347,432348,432349,432350,432351,432352,432353,432354,432355,432356,432357,432358,432359,432360,432361,432362,432363,432364,432365,432366,432367,432368,432369,432370,432371,432372,432373,432374,432375,432376,432377,432378,432379,432380,432381,432382,432383,432384,432385,432386,432387,432388,
118060,683878,
118032,683850,
118029,683847,
118098,683916,
200236,1128377,1128378,1128379,1128380,1128381,1128382,1128383,1128384,1128385,1128386,1128387,1128388,1128389,1128390,1128391,1128392,1128393,1128394,1128395,1128396,1128397,1128398,1128399,1128400,
118088,683906,
118061,683879,
118105,683923,
118091,683909,
