16296	6631	1
16296	4239	1
16296	3061	1
16350	6833	1
16350	1972	1
16350	7443	1
16350	7810	1
16350	14032	1
16449	3513	1
16449	15671	1
16449	6335	1
16450	3712	1
16450	7349	1
16458	14479	1
16458	8813	1
16458	5012	1
16475	3999	1
16475	13536	1
16475	3888	1
16475	10582	1
16483	9424	1
16483	5984	1
16483	3529	1
16483	14491	1
16483	1896	1
16483	7949	1
16483	11896	1
16487	3189	1
16487	8783	1
16487	7912	1
16568	3214	1
16568	6530	1
16568	4795	1
16568	801	1
16771	15007	1
16771	15459	1
16771	14682	1
16771	8530	1
16945	16051	1
16945	8696	1
16945	13950	1
16945	10081	1
16945	10329	1
16945	3907	1
16945	475	1
16969	10662	1
16969	5321	1
16969	6941	1
16969	15007	1
17113	12623	1
17113	314	1
17113	5506	1
17113	3880	1
17113	12876	1
17199	381	1
17199	6106	1
17199	407	1
17199	5532	1
17199	10365	1
17199	8036	1
17384	11897	1
17399	12784	1
17399	12784	1
17399	957	1
17420	2243	1
17420	10672	1
17420	1371	1
17420	13743	1
17420	11299	1
17420	12063	1
17420	11055	1
17457	8430	1
17457	263	1
17457	8470	1
17457	723	1
17500	5560	1
17500	2298	1
17695	14321	1
17695	3202	1
17695	1413	1
17731	9106	1
17731	1632	1
17731	7601	1
17731	874	1
17731	14272	1
17764	6933	1
17837	15097	1
17958	2055	1
17958	8470	1
17971	6685	1
17971	10662	1
17971	11155	1
17971	2748	1
17971	7810	1
17971	7975	1
17971	11257	1
17971	10540	1
17984	15719	1
17984	562	1
17984	11152	1
17984	4009	1
17984	7349	1
17984	8380	1
18023	10305	1
18023	10278	1
18023	715	1
18023	6322	1
18023	16035	1
18023	15995	1
18023	1819	1
18023	14	1
18048	11230	1
18048	3759	1
18133	10278	1
18135	15950	1
18135	5112	1
18316	14930	1
18429	6082	1
18429	10770	1
18429	8910	1
18581	11485	1
18581	16245	1
18581	13426	1
18581	1051	1
18583	7819	1
18583	6786	1
18583	11343	1
18583	8815	1
18583	8804	1
18617	13318	1
18617	13318	1
18617	9390	1
18617	4965	1
18691	6715	1
18691	4484	1
18691	2668	1
18691	3063	1
18691	1336	1
18823	3049	1
18823	14121	1
18823	2170	1
19255	7009	1
19255	15973	1
19255	1380	1
19255	10151	1
19384	5026	1
19420	15517	1
19425	1078	1
19425	526	1
19425	14	1
19425	8179	1
19425	881	1
19425	14716	1
19425	6099	1
19425	12745	1
19425	6016	1
19512	11617	1
19512	13086	1
19512	11308	1
19512	15934	1
19514	14644	1
19514	6280	1
19533	8719	1
19533	548	1
19533	15459	1
19533	8627	1
19584	5646	1
19584	1972	1
19584	2358	1
19673	5218	1
19673	3179	1
19673	66	1
19673	14323	1
19673	4978	1
19673	8466	1
19823	4704	1
19823	462	1
19842	11836	1
19842	75	1
19887	9166	1
19887	15510	1
19887	14334	1
19887	2565	1
19986	10166	1
20084	9248	1
20084	11152	1
20084	5321	1
20084	8969	1
20084	9170	1
20102	1391	1
20102	15719	1
20102	207	1
20199	3153	1
20199	10990	1
20229	15007	1
20229	1364	1
20229	11371	1
20229	555	1
20229	14203	1
20229	7420	1
20229	14210	1
20229	14367	1
20268	11230	1
20298	14118	1
20298	14846	1
20298	10019	1
20298	12623	1
20328	29	1
20328	9409	1
20328	11884	1
20328	8007	1
20364	14118	1
20364	24	1
20364	5890	1
20364	9859	1
20364	4009	1
20410	664	1
20410	8513	1
20410	13589	1
20410	10996	1
20410	5969	1
20425	11642	1
20425	6794	1
20425	1985	1
20425	10677	1
20562	5284	1
20562	2552	1
20562	2130	1
20562	13436	1
20690	265	1
20690	13764	1
20931	1838	1
20931	9294	1
20931	11600	1
20931	6688	1
21069	1292	1
21069	1292	1
21069	1292	1
21069	14557	1
21069	5467	1
21074	5685	1
21101	12864	1
21101	3176	1
21101	1876	1
21101	12342	1
21101	2832	1
21157	5359	1
21183	15609	1
21183	5701	1
21183	5026	1
21197	997	1
21197	681	1
21489	1407	1
21489	9091	1
21489	2010	1
21513	14642	1
21513	15936	1
21513	3321	1
21513	15909	1
21520	12599	1
21520	6216	1
21520	8530	1
21520	9141	1
21795	10195	1
21795	11861	1
21868	8664	1
21868	511	1
21868	3338	1
21918	15259	1
22130	15440	1
22277	2287	1
22277	8144	1
22277	5995	1
22387	7796	1
22387	8513	1
22455	13781	1
22512	207	1
22512	1409	1
22512	7788	1
22512	3148	1
22539	1185	1
22591	8273	1
22591	13383	1
22639	2731	1
22639	7791	1
22639	12228	1
22639	9791	1
22639	12828	1
22749	562	1
22749	10274	1
22749	5053	1
22749	11154	1
22749	6828	1
22749	12797	1
22774	1364	1
22774	1573	1
22774	6312	1
22774	15291	1
22774	16121	1
22774	4377	1
22774	14957	1
22783	12389	1
22943	12702	1
22943	4207	1
22943	4697	1
23086	15777	1
23086	5352	1
23086	11506	1
23086	12108	1
23086	3642	1
23170	743	1
23170	7054	1
23222	8598	1
23222	10375	1
23267	15365	1
23267	1163	1
23267	7536	1
23267	12088	1
23353	9799	1
23365	15801	1
23365	10634	1
23365	7439	1
23365	2810	1
23365	6962	1
23365	12997	1
23365	13334	1
23365	8782	1
23365	3907	1
23365	8724	1
23365	2474	1
23365	2218	1
23546	7224	1
23546	15452	1
23560	12677	1
23560	4890	1
23560	2268	1
23560	11958	1
23580	13074	1
23580	12155	1
23580	5557	1
23580	14538	1
23580	1752	1
23580	5056	1
23580	8061	1
23580	5030	1
23580	7181	1
23580	10389	1
23580	8414	1
23580	14532	1
23580	14981	1
23580	12816	1
23580	12567	1
23580	527	1
23643	9295	1
23643	5844	1
23650	8056	1
23650	7744	1
23650	3522	1
23692	15374	1
23692	8617	1
23692	2732	1
23692	739	1
23692	5368	1
23847	10081	1
23847	14725	1
23898	16245	1
23898	1273	1
23898	8002	1
23898	12916	1
23898	11196	1
23962	12755	1
24040	2377	1
24040	2577	1
24040	10673	1
24040	263	1
24040	2474	1
24062	10365	1
24062	12702	1
24062	5759	1
24062	10667	1
24085	185	1
24085	5435	1
24085	6311	1
24085	13584	1
24085	14895	1
24107	15954	1
24107	13617	1
24107	9692	1
24107	7581	1
24107	694	1
24107	9369	1
24265	8482	1
24265	8631	1
24265	7534	1
24265	11408	1
24265	12682	1
24318	7238	1
24318	14230	1
24318	7987	1
24689	4562	1
24689	15163	1
24689	2849	1
24689	14673	1
24689	15143	1
24689	6050	1
24689	3559	1
25012	10981	1
25012	3678	1
25012	9269	1
25012	5408	1
25012	7813	1
25012	2581	1
25012	14191	1
25012	15080	1
25057	3407	1
25057	12581	1
25057	11443	1
25057	14043	1
25057	12927	1
25057	10231	1
25151	5366	1
25151	4880	1
25425	367	1
25425	2666	1
25425	13705	1
25425	13775	1
25425	14762	1
25425	3348	1
25529	7321	1
25529	14179	1
25529	8809	1
25981	13426	1
25981	9236	1
25981	15698	1
26103	16091	1
26103	99	1
26110	15707	1
26110	8764	1
26110	10567	1
26168	3692	1
26168	7460	1
26168	1005	1
26332	14874	1
26346	14272	1
26346	5834	1
26346	834	1
26395	4335	1
26395	8023	1
26395	2510	1
26395	3049	1
26395	2022	1
26397	12155	1
26397	15052	1
26397	14030	1
26397	4168	1
26397	3007	1
26397	14300	1
26398	5670	1
26398	3606	1
26398	9164	1
26473	15956	1
26473	8035	1
26473	12746	1
27236	4768	1
27236	6970	1
27236	4383	1
27236	6429	1
27236	9706	1
27465	13634	1
27465	15880	1
27465	10231	1
27507	3884	1
27507	4670	1
27507	631	1
27507	9330	1
27507	10653	1
27507	8619	1
27528	11112	1
27528	11259	1
27585	14874	1
27586	15478	1
27586	15308	1
27586	5878	1
27586	14848	1
27754	10653	1
27754	4840	1
27754	14700	1
27754	11112	1
27815	9098	1
27815	15739	1
27815	10290	1
27815	1545	1
27815	15333	1
27815	10621	1
27815	7018	1
27825	4565	1
27825	13657	1
27825	12819	1
27825	2627	1
27825	8630	1
27825	9318	1
27825	15223	1
27931	16051	1
27931	5890	1
27931	7810	1
27931	14360	1
27931	9649	1
27931	122	1
27931	2232	1
27935	12396	1
27935	3375	1
27935	10440	1
27935	10255	1
28415	8380	1
28415	3189	1
28508	10274	1
28508	904	1
28508	7581	1
28508	2327	1
28508	5217	1
28513	562	1
28513	1746	1
28513	11079	1
28611	6852	1
28611	3712	1
28611	12505	1
28611	15950	1
28611	12866	1
28722	6976	1
28722	2079	1
28722	11939	1
28722	15054	1
28722	9986	1
28722	8517	1
28722	7515	1
28779	10278	1
28779	1174	1
28779	1144	1
28779	14571	1
28850	11596	1
28850	13	1
28850	14241	1
28850	12347	1
28850	6592	1
29270	8487	1
29270	15973	1
29305	2007	1
29305	14632	1
29305	2082	1
29305	12781	1
29305	1157	1
29819	9466	1
29819	9466	1
29819	3558	1
29819	5542	1
29819	1124	1
29819	974	1
29819	13285	1
29934	14385	1
29934	9645	1
29934	5218	1
29934	4478	1
29976	12388	1
29976	12388	1
29976	11941	1
29976	2868	1
29976	4565	1
29976	3873	1
30139	8647	1
30139	10662	1
30639	1151	1
30639	15879	1
30639	14755	1
30714	5172	1
30714	1630	1
30714	9387	1
30714	3873	1
30812	4952	1
30812	15347	1
30812	89	1
30812	7071	1
30812	15377	1
30812	9091	1
30812	340	1
31127	4213	1
31127	15682	1
31127	3376	1
31127	9649	1
31127	14930	1
31127	2360	1
31127	6833	1
31127	9100	1
31127	8830	1
31127	7511	1
31148	966	1
31148	3424	1
31148	168	1
31218	10085	1
31218	15143	1
31310	10770	1
31310	6144	1
31310	6242	1
31431	5830	1
31431	5460	1
31431	10035	1
31431	7796	1
31668	13058	1
31668	5366	1
31668	5734	1
31668	5835	1
31668	10677	1
31668	14418	1
31676	3248	1
31676	3248	1
31676	12958	1
31676	13947	1
31676	3904	1
31676	10019	1
31676	11172	1
31676	2298	1
31676	5601	1
31676	15554	1
31676	16174	1
31806	3322	1
31806	11259	1
31806	6106	1
31806	5651	1
31806	11519	1
31820	10452	1
31820	8292	1
31820	13775	1
31870	12015	1
32007	11365	1
32007	9176	1
32007	15860	1
32089	2666	1
32178	218	1
32178	14208	1
32178	9291	1
32178	2796	1
32178	3678	1
32188	7038	1
32188	5509	1
32188	11242	1
32188	5012	1
32266	15815	1
32266	5642	1
32266	9383	1
32266	4102	1
32330	1838	1
32330	4175	1
32330	13406	1
32330	9270	1
32330	11700	1
32380	12057	1
32380	6161	1
32380	2811	1
32380	12365	1
32380	15393	1
32380	4752	1
32380	2725	1
32656	14385	1
32656	13627	1
32656	13765	1
32656	454	1
32656	3123	1
32923	4697	1
33064	565	1
33064	10546	1
33064	2756	1
33188	5633	1
33188	2697	1
33188	15163	1
33188	5195	1
33188	6562	1
33188	13941	1
33286	1952	1
33286	4704	1
33286	10402	1
33286	12739	1
33286	12015	1
33286	4782	1
33286	13334	1
33365	4966	1
33365	7495	1
33455	3471	1
33455	7353	1
33455	9264	1
33455	3254	1
33455	12800	1
33455	2951	1
33455	11183	1
33455	12902	1
33455	8596	1
33479	13735	1
33479	14206	1
33479	15374	1
33541	11683	1
33541	1261	1
33541	3145	1
33541	4248	1
33589	12693	1
33589	15029	1
33614	5623	1
33614	12490	1
33614	14714	1
33963	14009	1
33963	10662	1
33963	8783	1
33963	314	1
33963	4838	1
33963	13798	1
34021	14460	1
34021	12582	1
34021	6976	1
34021	1552	1
6631	4239	1
6631	3061	1
4239	6631	1
4239	3061	1
3061	6631	1
3061	4239	1
6833	1972	1
6833	7443	1
6833	7810	1
6833	14032	1
1972	6833	1
1972	7443	1
1972	7810	1
1972	14032	1
7443	6833	1
7443	1972	1
7443	7810	1
7443	14032	1
7810	6833	1
7810	1972	1
7810	7443	1
7810	14032	1
14032	6833	1
14032	1972	1
14032	7443	1
14032	7810	1
3513	15671	1
3513	6335	1
15671	3513	1
15671	6335	1
6335	3513	1
6335	15671	1
3712	7349	1
7349	3712	1
14479	8813	1
14479	5012	1
8813	14479	1
8813	5012	1
5012	14479	1
5012	8813	1
3999	13536	1
3999	3888	1
3999	10582	1
13536	3999	1
13536	3888	1
13536	10582	1
3888	3999	1
3888	13536	1
3888	10582	1
10582	3999	1
10582	13536	1
10582	3888	1
9424	5984	1
9424	3529	1
9424	14491	1
9424	1896	1
9424	7949	1
9424	11896	1
5984	9424	1
5984	3529	1
5984	14491	1
5984	1896	1
5984	7949	1
5984	11896	1
3529	9424	1
3529	5984	1
3529	14491	1
3529	1896	1
3529	7949	1
3529	11896	1
14491	9424	1
14491	5984	1
14491	3529	1
14491	1896	1
14491	7949	1
14491	11896	1
1896	9424	1
1896	5984	1
1896	3529	1
1896	14491	1
1896	7949	1
1896	11896	1
7949	9424	1
7949	5984	1
7949	3529	1
7949	14491	1
7949	1896	1
7949	11896	1
11896	9424	1
11896	5984	1
11896	3529	1
11896	14491	1
11896	1896	1
11896	7949	1
3189	8783	1
3189	7912	1
8783	3189	1
8783	7912	1
7912	3189	1
7912	8783	1
3214	6530	1
3214	4795	1
3214	801	1
6530	3214	1
6530	4795	1
6530	801	1
4795	3214	1
4795	6530	1
4795	801	1
801	3214	1
801	6530	1
801	4795	1
15007	15459	1
15007	14682	1
15007	8530	1
15459	15007	1
15459	14682	1
15459	8530	1
14682	15007	1
14682	15459	1
14682	8530	1
8530	15007	1
8530	15459	1
8530	14682	1
16051	8696	1
16051	13950	1
16051	10081	1
16051	10329	1
16051	3907	1
16051	475	1
8696	16051	1
8696	13950	1
8696	10081	1
8696	10329	1
8696	3907	1
8696	475	1
13950	16051	1
13950	8696	1
13950	10081	1
13950	10329	1
13950	3907	1
13950	475	1
10081	16051	1
10081	8696	1
10081	13950	1
10081	10329	1
10081	3907	1
10081	475	1
10329	16051	1
10329	8696	1
10329	13950	1
10329	10081	1
10329	3907	1
10329	475	1
3907	16051	1
3907	8696	1
3907	13950	1
3907	10081	1
3907	10329	1
3907	475	1
475	16051	1
475	8696	1
475	13950	1
475	10081	1
475	10329	1
475	3907	1
10662	5321	1
10662	6941	1
10662	15007	1
5321	10662	1
5321	6941	1
5321	15007	1
6941	10662	1
6941	5321	1
6941	15007	1
15007	10662	1
15007	5321	1
15007	6941	1
12623	314	1
12623	5506	1
12623	3880	1
12623	12876	1
314	12623	1
314	5506	1
314	3880	1
314	12876	1
5506	12623	1
5506	314	1
5506	3880	1
5506	12876	1
3880	12623	1
3880	314	1
3880	5506	1
3880	12876	1
12876	12623	1
12876	314	1
12876	5506	1
12876	3880	1
381	6106	1
381	407	1
381	5532	1
381	10365	1
381	8036	1
6106	381	1
6106	407	1
6106	5532	1
6106	10365	1
6106	8036	1
407	381	1
407	6106	1
407	5532	1
407	10365	1
407	8036	1
5532	381	1
5532	6106	1
5532	407	1
5532	10365	1
5532	8036	1
10365	381	1
10365	6106	1
10365	407	1
10365	5532	1
10365	8036	1
8036	381	1
8036	6106	1
8036	407	1
8036	5532	1
8036	10365	1
12784	957	1
12784	957	1
957	12784	1
957	12784	1
2243	10672	1
2243	1371	1
2243	13743	1
2243	11299	1
2243	12063	1
2243	11055	1
10672	2243	1
10672	1371	1
10672	13743	1
10672	11299	1
10672	12063	1
10672	11055	1
1371	2243	1
1371	10672	1
1371	13743	1
1371	11299	1
1371	12063	1
1371	11055	1
13743	2243	1
13743	10672	1
13743	1371	1
13743	11299	1
13743	12063	1
13743	11055	1
11299	2243	1
11299	10672	1
11299	1371	1
11299	13743	1
11299	12063	1
11299	11055	1
12063	2243	1
12063	10672	1
12063	1371	1
12063	13743	1
12063	11299	1
12063	11055	1
11055	2243	1
11055	10672	1
11055	1371	1
11055	13743	1
11055	11299	1
11055	12063	1
8430	263	1
8430	8470	1
8430	723	1
263	8430	1
263	8470	1
263	723	1
8470	8430	1
8470	263	1
8470	723	1
723	8430	1
723	263	1
723	8470	1
5560	2298	1
2298	5560	1
14321	3202	1
14321	1413	1
3202	14321	1
3202	1413	1
1413	14321	1
1413	3202	1
9106	1632	1
9106	7601	1
9106	874	1
9106	14272	1
1632	9106	1
1632	7601	1
1632	874	1
1632	14272	1
7601	9106	1
7601	1632	1
7601	874	1
7601	14272	1
874	9106	1
874	1632	1
874	7601	1
874	14272	1
14272	9106	1
14272	1632	1
14272	7601	1
14272	874	1
2055	8470	1
8470	2055	1
6685	10662	1
6685	11155	1
6685	2748	1
6685	7810	1
6685	7975	1
6685	11257	1
6685	10540	1
10662	6685	1
10662	11155	1
10662	2748	1
10662	7810	1
10662	7975	1
10662	11257	1
10662	10540	1
11155	6685	1
11155	10662	1
11155	2748	1
11155	7810	1
11155	7975	1
11155	11257	1
11155	10540	1
2748	6685	1
2748	10662	1
2748	11155	1
2748	7810	1
2748	7975	1
2748	11257	1
2748	10540	1
7810	6685	1
7810	10662	1
7810	11155	1
7810	2748	1
7810	7975	1
7810	11257	1
7810	10540	1
7975	6685	1
7975	10662	1
7975	11155	1
7975	2748	1
7975	7810	1
7975	11257	1
7975	10540	1
11257	6685	1
11257	10662	1
11257	11155	1
11257	2748	1
11257	7810	1
11257	7975	1
11257	10540	1
10540	6685	1
10540	10662	1
10540	11155	1
10540	2748	1
10540	7810	1
10540	7975	1
10540	11257	1
15719	562	1
15719	11152	1
15719	4009	1
15719	7349	1
15719	8380	1
562	15719	1
562	11152	1
562	4009	1
562	7349	1
562	8380	1
11152	15719	1
11152	562	1
11152	4009	1
11152	7349	1
11152	8380	1
4009	15719	1
4009	562	1
4009	11152	1
4009	7349	1
4009	8380	1
7349	15719	1
7349	562	1
7349	11152	1
7349	4009	1
7349	8380	1
8380	15719	1
8380	562	1
8380	11152	1
8380	4009	1
8380	7349	1
10305	10278	1
10305	715	1
10305	6322	1
10305	16035	1
10305	15995	1
10305	1819	1
10305	14	1
10278	10305	1
10278	715	1
10278	6322	1
10278	16035	1
10278	15995	1
10278	1819	1
10278	14	1
715	10305	1
715	10278	1
715	6322	1
715	16035	1
715	15995	1
715	1819	1
715	14	1
6322	10305	1
6322	10278	1
6322	715	1
6322	16035	1
6322	15995	1
6322	1819	1
6322	14	1
16035	10305	1
16035	10278	1
16035	715	1
16035	6322	1
16035	15995	1
16035	1819	1
16035	14	1
15995	10305	1
15995	10278	1
15995	715	1
15995	6322	1
15995	16035	1
15995	1819	1
15995	14	1
1819	10305	1
1819	10278	1
1819	715	1
1819	6322	1
1819	16035	1
1819	15995	1
1819	14	1
14	10305	1
14	10278	1
14	715	1
14	6322	1
14	16035	1
14	15995	1
14	1819	1
11230	3759	1
3759	11230	1
15950	5112	1
5112	15950	1
6082	10770	1
6082	8910	1
10770	6082	1
10770	8910	1
8910	6082	1
8910	10770	1
11485	16245	1
11485	13426	1
11485	1051	1
16245	11485	1
16245	13426	1
16245	1051	1
13426	11485	1
13426	16245	1
13426	1051	1
1051	11485	1
1051	16245	1
1051	13426	1
7819	6786	1
7819	11343	1
7819	8815	1
7819	8804	1
6786	7819	1
6786	11343	1
6786	8815	1
6786	8804	1
11343	7819	1
11343	6786	1
11343	8815	1
11343	8804	1
8815	7819	1
8815	6786	1
8815	11343	1
8815	8804	1
8804	7819	1
8804	6786	1
8804	11343	1
8804	8815	1
13318	9390	1
13318	4965	1
13318	9390	1
13318	4965	1
9390	13318	1
9390	13318	1
9390	4965	1
4965	13318	1
4965	13318	1
4965	9390	1
6715	4484	1
6715	2668	1
6715	3063	1
6715	1336	1
4484	6715	1
4484	2668	1
4484	3063	1
4484	1336	1
2668	6715	1
2668	4484	1
2668	3063	1
2668	1336	1
3063	6715	1
3063	4484	1
3063	2668	1
3063	1336	1
1336	6715	1
1336	4484	1
1336	2668	1
1336	3063	1
3049	14121	1
3049	2170	1
14121	3049	1
14121	2170	1
2170	3049	1
2170	14121	1
7009	15973	1
7009	1380	1
7009	10151	1
15973	7009	1
15973	1380	1
15973	10151	1
1380	7009	1
1380	15973	1
1380	10151	1
10151	7009	1
10151	15973	1
10151	1380	1
1078	526	1
1078	14	1
1078	8179	1
1078	881	1
1078	14716	1
1078	6099	1
1078	12745	1
1078	6016	1
526	1078	1
526	14	1
526	8179	1
526	881	1
526	14716	1
526	6099	1
526	12745	1
526	6016	1
14	1078	1
14	526	1
14	8179	1
14	881	1
14	14716	1
14	6099	1
14	12745	1
14	6016	1
8179	1078	1
8179	526	1
8179	14	1
8179	881	1
8179	14716	1
8179	6099	1
8179	12745	1
8179	6016	1
881	1078	1
881	526	1
881	14	1
881	8179	1
881	14716	1
881	6099	1
881	12745	1
881	6016	1
14716	1078	1
14716	526	1
14716	14	1
14716	8179	1
14716	881	1
14716	6099	1
14716	12745	1
14716	6016	1
6099	1078	1
6099	526	1
6099	14	1
6099	8179	1
6099	881	1
6099	14716	1
6099	12745	1
6099	6016	1
12745	1078	1
12745	526	1
12745	14	1
12745	8179	1
12745	881	1
12745	14716	1
12745	6099	1
12745	6016	1
6016	1078	1
6016	526	1
6016	14	1
6016	8179	1
6016	881	1
6016	14716	1
6016	6099	1
6016	12745	1
11617	13086	1
11617	11308	1
11617	15934	1
13086	11617	1
13086	11308	1
13086	15934	1
11308	11617	1
11308	13086	1
11308	15934	1
15934	11617	1
15934	13086	1
15934	11308	1
14644	6280	1
6280	14644	1
8719	548	1
8719	15459	1
8719	8627	1
548	8719	1
548	15459	1
548	8627	1
15459	8719	1
15459	548	1
15459	8627	1
8627	8719	1
8627	548	1
8627	15459	1
5646	1972	1
5646	2358	1
1972	5646	1
1972	2358	1
2358	5646	1
2358	1972	1
5218	3179	1
5218	66	1
5218	14323	1
5218	4978	1
5218	8466	1
3179	5218	1
3179	66	1
3179	14323	1
3179	4978	1
3179	8466	1
66	5218	1
66	3179	1
66	14323	1
66	4978	1
66	8466	1
14323	5218	1
14323	3179	1
14323	66	1
14323	4978	1
14323	8466	1
4978	5218	1
4978	3179	1
4978	66	1
4978	14323	1
4978	8466	1
8466	5218	1
8466	3179	1
8466	66	1
8466	14323	1
8466	4978	1
4704	462	1
462	4704	1
11836	75	1
75	11836	1
9166	15510	1
9166	14334	1
9166	2565	1
15510	9166	1
15510	14334	1
15510	2565	1
14334	9166	1
14334	15510	1
14334	2565	1
2565	9166	1
2565	15510	1
2565	14334	1
9248	11152	1
9248	5321	1
9248	8969	1
9248	9170	1
11152	9248	1
11152	5321	1
11152	8969	1
11152	9170	1
5321	9248	1
5321	11152	1
5321	8969	1
5321	9170	1
8969	9248	1
8969	11152	1
8969	5321	1
8969	9170	1
9170	9248	1
9170	11152	1
9170	5321	1
9170	8969	1
1391	15719	1
1391	207	1
15719	1391	1
15719	207	1
207	1391	1
207	15719	1
3153	10990	1
10990	3153	1
15007	1364	1
15007	11371	1
15007	555	1
15007	14203	1
15007	7420	1
15007	14210	1
15007	14367	1
1364	15007	1
1364	11371	1
1364	555	1
1364	14203	1
1364	7420	1
1364	14210	1
1364	14367	1
11371	15007	1
11371	1364	1
11371	555	1
11371	14203	1
11371	7420	1
11371	14210	1
11371	14367	1
555	15007	1
555	1364	1
555	11371	1
555	14203	1
555	7420	1
555	14210	1
555	14367	1
14203	15007	1
14203	1364	1
14203	11371	1
14203	555	1
14203	7420	1
14203	14210	1
14203	14367	1
7420	15007	1
7420	1364	1
7420	11371	1
7420	555	1
7420	14203	1
7420	14210	1
7420	14367	1
14210	15007	1
14210	1364	1
14210	11371	1
14210	555	1
14210	14203	1
14210	7420	1
14210	14367	1
14367	15007	1
14367	1364	1
14367	11371	1
14367	555	1
14367	14203	1
14367	7420	1
14367	14210	1
14118	14846	1
14118	10019	1
14118	12623	1
14846	14118	1
14846	10019	1
14846	12623	1
10019	14118	1
10019	14846	1
10019	12623	1
12623	14118	1
12623	14846	1
12623	10019	1
29	9409	1
29	11884	1
29	8007	1
9409	29	1
9409	11884	1
9409	8007	1
11884	29	1
11884	9409	1
11884	8007	1
8007	29	1
8007	9409	1
8007	11884	1
14118	24	1
14118	5890	1
14118	9859	1
14118	4009	1
24	14118	1
24	5890	1
24	9859	1
24	4009	1
5890	14118	1
5890	24	1
5890	9859	1
5890	4009	1
9859	14118	1
9859	24	1
9859	5890	1
9859	4009	1
4009	14118	1
4009	24	1
4009	5890	1
4009	9859	1
664	8513	1
664	13589	1
664	10996	1
664	5969	1
8513	664	1
8513	13589	1
8513	10996	1
8513	5969	1
13589	664	1
13589	8513	1
13589	10996	1
13589	5969	1
10996	664	1
10996	8513	1
10996	13589	1
10996	5969	1
5969	664	1
5969	8513	1
5969	13589	1
5969	10996	1
11642	6794	1
11642	1985	1
11642	10677	1
6794	11642	1
6794	1985	1
6794	10677	1
1985	11642	1
1985	6794	1
1985	10677	1
10677	11642	1
10677	6794	1
10677	1985	1
5284	2552	1
5284	2130	1
5284	13436	1
2552	5284	1
2552	2130	1
2552	13436	1
2130	5284	1
2130	2552	1
2130	13436	1
13436	5284	1
13436	2552	1
13436	2130	1
265	13764	1
13764	265	1
1838	9294	1
1838	11600	1
1838	6688	1
9294	1838	1
9294	11600	1
9294	6688	1
11600	1838	1
11600	9294	1
11600	6688	1
6688	1838	1
6688	9294	1
6688	11600	1
1292	14557	1
1292	5467	1
1292	14557	1
1292	5467	1
1292	14557	1
1292	5467	1
14557	1292	1
14557	1292	1
14557	1292	1
14557	5467	1
5467	1292	1
5467	1292	1
5467	1292	1
5467	14557	1
12864	3176	1
12864	1876	1
12864	12342	1
12864	2832	1
3176	12864	1
3176	1876	1
3176	12342	1
3176	2832	1
1876	12864	1
1876	3176	1
1876	12342	1
1876	2832	1
12342	12864	1
12342	3176	1
12342	1876	1
12342	2832	1
2832	12864	1
2832	3176	1
2832	1876	1
2832	12342	1
15609	5701	1
15609	5026	1
5701	15609	1
5701	5026	1
5026	15609	1
5026	5701	1
997	681	1
681	997	1
1407	9091	1
1407	2010	1
9091	1407	1
9091	2010	1
2010	1407	1
2010	9091	1
14642	15936	1
14642	3321	1
14642	15909	1
15936	14642	1
15936	3321	1
15936	15909	1
3321	14642	1
3321	15936	1
3321	15909	1
15909	14642	1
15909	15936	1
15909	3321	1
12599	6216	1
12599	8530	1
12599	9141	1
6216	12599	1
6216	8530	1
6216	9141	1
8530	12599	1
8530	6216	1
8530	9141	1
9141	12599	1
9141	6216	1
9141	8530	1
10195	11861	1
11861	10195	1
8664	511	1
8664	3338	1
511	8664	1
511	3338	1
3338	8664	1
3338	511	1
2287	8144	1
2287	5995	1
8144	2287	1
8144	5995	1
5995	2287	1
5995	8144	1
7796	8513	1
8513	7796	1
207	1409	1
207	7788	1
207	3148	1
1409	207	1
1409	7788	1
1409	3148	1
7788	207	1
7788	1409	1
7788	3148	1
3148	207	1
3148	1409	1
3148	7788	1
8273	13383	1
13383	8273	1
2731	7791	1
2731	12228	1
2731	9791	1
2731	12828	1
7791	2731	1
7791	12228	1
7791	9791	1
7791	12828	1
12228	2731	1
12228	7791	1
12228	9791	1
12228	12828	1
9791	2731	1
9791	7791	1
9791	12228	1
9791	12828	1
12828	2731	1
12828	7791	1
12828	12228	1
12828	9791	1
562	10274	1
562	5053	1
562	11154	1
562	6828	1
562	12797	1
10274	562	1
10274	5053	1
10274	11154	1
10274	6828	1
10274	12797	1
5053	562	1
5053	10274	1
5053	11154	1
5053	6828	1
5053	12797	1
11154	562	1
11154	10274	1
11154	5053	1
11154	6828	1
11154	12797	1
6828	562	1
6828	10274	1
6828	5053	1
6828	11154	1
6828	12797	1
12797	562	1
12797	10274	1
12797	5053	1
12797	11154	1
12797	6828	1
1364	1573	1
1364	6312	1
1364	15291	1
1364	16121	1
1364	4377	1
1364	14957	1
1573	1364	1
1573	6312	1
1573	15291	1
1573	16121	1
1573	4377	1
1573	14957	1
6312	1364	1
6312	1573	1
6312	15291	1
6312	16121	1
6312	4377	1
6312	14957	1
15291	1364	1
15291	1573	1
15291	6312	1
15291	16121	1
15291	4377	1
15291	14957	1
16121	1364	1
16121	1573	1
16121	6312	1
16121	15291	1
16121	4377	1
16121	14957	1
4377	1364	1
4377	1573	1
4377	6312	1
4377	15291	1
4377	16121	1
4377	14957	1
14957	1364	1
14957	1573	1
14957	6312	1
14957	15291	1
14957	16121	1
14957	4377	1
12702	4207	1
12702	4697	1
4207	12702	1
4207	4697	1
4697	12702	1
4697	4207	1
15777	5352	1
15777	11506	1
15777	12108	1
15777	3642	1
5352	15777	1
5352	11506	1
5352	12108	1
5352	3642	1
11506	15777	1
11506	5352	1
11506	12108	1
11506	3642	1
12108	15777	1
12108	5352	1
12108	11506	1
12108	3642	1
3642	15777	1
3642	5352	1
3642	11506	1
3642	12108	1
743	7054	1
7054	743	1
8598	10375	1
10375	8598	1
15365	1163	1
15365	7536	1
15365	12088	1
1163	15365	1
1163	7536	1
1163	12088	1
7536	15365	1
7536	1163	1
7536	12088	1
12088	15365	1
12088	1163	1
12088	7536	1
15801	10634	1
15801	7439	1
15801	2810	1
15801	6962	1
15801	12997	1
15801	13334	1
15801	8782	1
15801	3907	1
15801	8724	1
15801	2474	1
15801	2218	1
10634	15801	1
10634	7439	1
10634	2810	1
10634	6962	1
10634	12997	1
10634	13334	1
10634	8782	1
10634	3907	1
10634	8724	1
10634	2474	1
10634	2218	1
7439	15801	1
7439	10634	1
7439	2810	1
7439	6962	1
7439	12997	1
7439	13334	1
7439	8782	1
7439	3907	1
7439	8724	1
7439	2474	1
7439	2218	1
2810	15801	1
2810	10634	1
2810	7439	1
2810	6962	1
2810	12997	1
2810	13334	1
2810	8782	1
2810	3907	1
2810	8724	1
2810	2474	1
2810	2218	1
6962	15801	1
6962	10634	1
6962	7439	1
6962	2810	1
6962	12997	1
6962	13334	1
6962	8782	1
6962	3907	1
6962	8724	1
6962	2474	1
6962	2218	1
12997	15801	1
12997	10634	1
12997	7439	1
12997	2810	1
12997	6962	1
12997	13334	1
12997	8782	1
12997	3907	1
12997	8724	1
12997	2474	1
12997	2218	1
13334	15801	1
13334	10634	1
13334	7439	1
13334	2810	1
13334	6962	1
13334	12997	1
13334	8782	1
13334	3907	1
13334	8724	1
13334	2474	1
13334	2218	1
8782	15801	1
8782	10634	1
8782	7439	1
8782	2810	1
8782	6962	1
8782	12997	1
8782	13334	1
8782	3907	1
8782	8724	1
8782	2474	1
8782	2218	1
3907	15801	1
3907	10634	1
3907	7439	1
3907	2810	1
3907	6962	1
3907	12997	1
3907	13334	1
3907	8782	1
3907	8724	1
3907	2474	1
3907	2218	1
8724	15801	1
8724	10634	1
8724	7439	1
8724	2810	1
8724	6962	1
8724	12997	1
8724	13334	1
8724	8782	1
8724	3907	1
8724	2474	1
8724	2218	1
2474	15801	1
2474	10634	1
2474	7439	1
2474	2810	1
2474	6962	1
2474	12997	1
2474	13334	1
2474	8782	1
2474	3907	1
2474	8724	1
2474	2218	1
2218	15801	1
2218	10634	1
2218	7439	1
2218	2810	1
2218	6962	1
2218	12997	1
2218	13334	1
2218	8782	1
2218	3907	1
2218	8724	1
2218	2474	1
7224	15452	1
15452	7224	1
12677	4890	1
12677	2268	1
12677	11958	1
4890	12677	1
4890	2268	1
4890	11958	1
2268	12677	1
2268	4890	1
2268	11958	1
11958	12677	1
11958	4890	1
11958	2268	1
13074	12155	1
13074	5557	1
13074	14538	1
13074	1752	1
13074	5056	1
13074	8061	1
13074	5030	1
13074	7181	1
13074	10389	1
13074	8414	1
13074	14532	1
13074	14981	1
13074	12816	1
13074	12567	1
13074	527	1
12155	13074	1
12155	5557	1
12155	14538	1
12155	1752	1
12155	5056	1
12155	8061	1
12155	5030	1
12155	7181	1
12155	10389	1
12155	8414	1
12155	14532	1
12155	14981	1
12155	12816	1
12155	12567	1
12155	527	1
5557	13074	1
5557	12155	1
5557	14538	1
5557	1752	1
5557	5056	1
5557	8061	1
5557	5030	1
5557	7181	1
5557	10389	1
5557	8414	1
5557	14532	1
5557	14981	1
5557	12816	1
5557	12567	1
5557	527	1
14538	13074	1
14538	12155	1
14538	5557	1
14538	1752	1
14538	5056	1
14538	8061	1
14538	5030	1
14538	7181	1
14538	10389	1
14538	8414	1
14538	14532	1
14538	14981	1
14538	12816	1
14538	12567	1
14538	527	1
1752	13074	1
1752	12155	1
1752	5557	1
1752	14538	1
1752	5056	1
1752	8061	1
1752	5030	1
1752	7181	1
1752	10389	1
1752	8414	1
1752	14532	1
1752	14981	1
1752	12816	1
1752	12567	1
1752	527	1
5056	13074	1
5056	12155	1
5056	5557	1
5056	14538	1
5056	1752	1
5056	8061	1
5056	5030	1
5056	7181	1
5056	10389	1
5056	8414	1
5056	14532	1
5056	14981	1
5056	12816	1
5056	12567	1
5056	527	1
8061	13074	1
8061	12155	1
8061	5557	1
8061	14538	1
8061	1752	1
8061	5056	1
8061	5030	1
8061	7181	1
8061	10389	1
8061	8414	1
8061	14532	1
8061	14981	1
8061	12816	1
8061	12567	1
8061	527	1
5030	13074	1
5030	12155	1
5030	5557	1
5030	14538	1
5030	1752	1
5030	5056	1
5030	8061	1
5030	7181	1
5030	10389	1
5030	8414	1
5030	14532	1
5030	14981	1
5030	12816	1
5030	12567	1
5030	527	1
7181	13074	1
7181	12155	1
7181	5557	1
7181	14538	1
7181	1752	1
7181	5056	1
7181	8061	1
7181	5030	1
7181	10389	1
7181	8414	1
7181	14532	1
7181	14981	1
7181	12816	1
7181	12567	1
7181	527	1
10389	13074	1
10389	12155	1
10389	5557	1
10389	14538	1
10389	1752	1
10389	5056	1
10389	8061	1
10389	5030	1
10389	7181	1
10389	8414	1
10389	14532	1
10389	14981	1
10389	12816	1
10389	12567	1
10389	527	1
8414	13074	1
8414	12155	1
8414	5557	1
8414	14538	1
8414	1752	1
8414	5056	1
8414	8061	1
8414	5030	1
8414	7181	1
8414	10389	1
8414	14532	1
8414	14981	1
8414	12816	1
8414	12567	1
8414	527	1
14532	13074	1
14532	12155	1
14532	5557	1
14532	14538	1
14532	1752	1
14532	5056	1
14532	8061	1
14532	5030	1
14532	7181	1
14532	10389	1
14532	8414	1
14532	14981	1
14532	12816	1
14532	12567	1
14532	527	1
14981	13074	1
14981	12155	1
14981	5557	1
14981	14538	1
14981	1752	1
14981	5056	1
14981	8061	1
14981	5030	1
14981	7181	1
14981	10389	1
14981	8414	1
14981	14532	1
14981	12816	1
14981	12567	1
14981	527	1
12816	13074	1
12816	12155	1
12816	5557	1
12816	14538	1
12816	1752	1
12816	5056	1
12816	8061	1
12816	5030	1
12816	7181	1
12816	10389	1
12816	8414	1
12816	14532	1
12816	14981	1
12816	12567	1
12816	527	1
12567	13074	1
12567	12155	1
12567	5557	1
12567	14538	1
12567	1752	1
12567	5056	1
12567	8061	1
12567	5030	1
12567	7181	1
12567	10389	1
12567	8414	1
12567	14532	1
12567	14981	1
12567	12816	1
12567	527	1
527	13074	1
527	12155	1
527	5557	1
527	14538	1
527	1752	1
527	5056	1
527	8061	1
527	5030	1
527	7181	1
527	10389	1
527	8414	1
527	14532	1
527	14981	1
527	12816	1
527	12567	1
9295	5844	1
5844	9295	1
8056	7744	1
8056	3522	1
7744	8056	1
7744	3522	1
3522	8056	1
3522	7744	1
15374	8617	1
15374	2732	1
15374	739	1
15374	5368	1
8617	15374	1
8617	2732	1
8617	739	1
8617	5368	1
2732	15374	1
2732	8617	1
2732	739	1
2732	5368	1
739	15374	1
739	8617	1
739	2732	1
739	5368	1
5368	15374	1
5368	8617	1
5368	2732	1
5368	739	1
10081	14725	1
14725	10081	1
16245	1273	1
16245	8002	1
16245	12916	1
16245	11196	1
1273	16245	1
1273	8002	1
1273	12916	1
1273	11196	1
8002	16245	1
8002	1273	1
8002	12916	1
8002	11196	1
12916	16245	1
12916	1273	1
12916	8002	1
12916	11196	1
11196	16245	1
11196	1273	1
11196	8002	1
11196	12916	1
2377	2577	1
2377	10673	1
2377	263	1
2377	2474	1
2577	2377	1
2577	10673	1
2577	263	1
2577	2474	1
10673	2377	1
10673	2577	1
10673	263	1
10673	2474	1
263	2377	1
263	2577	1
263	10673	1
263	2474	1
2474	2377	1
2474	2577	1
2474	10673	1
2474	263	1
10365	12702	1
10365	5759	1
10365	10667	1
12702	10365	1
12702	5759	1
12702	10667	1
5759	10365	1
5759	12702	1
5759	10667	1
10667	10365	1
10667	12702	1
10667	5759	1
185	5435	1
185	6311	1
185	13584	1
185	14895	1
5435	185	1
5435	6311	1
5435	13584	1
5435	14895	1
6311	185	1
6311	5435	1
6311	13584	1
6311	14895	1
13584	185	1
13584	5435	1
13584	6311	1
13584	14895	1
14895	185	1
14895	5435	1
14895	6311	1
14895	13584	1
15954	13617	1
15954	9692	1
15954	7581	1
15954	694	1
15954	9369	1
13617	15954	1
13617	9692	1
13617	7581	1
13617	694	1
13617	9369	1
9692	15954	1
9692	13617	1
9692	7581	1
9692	694	1
9692	9369	1
7581	15954	1
7581	13617	1
7581	9692	1
7581	694	1
7581	9369	1
694	15954	1
694	13617	1
694	9692	1
694	7581	1
694	9369	1
9369	15954	1
9369	13617	1
9369	9692	1
9369	7581	1
9369	694	1
8482	8631	1
8482	7534	1
8482	11408	1
8482	12682	1
8631	8482	1
8631	7534	1
8631	11408	1
8631	12682	1
7534	8482	1
7534	8631	1
7534	11408	1
7534	12682	1
11408	8482	1
11408	8631	1
11408	7534	1
11408	12682	1
12682	8482	1
12682	8631	1
12682	7534	1
12682	11408	1
7238	14230	1
7238	7987	1
14230	7238	1
14230	7987	1
7987	7238	1
7987	14230	1
4562	15163	1
4562	2849	1
4562	14673	1
4562	15143	1
4562	6050	1
4562	3559	1
15163	4562	1
15163	2849	1
15163	14673	1
15163	15143	1
15163	6050	1
15163	3559	1
2849	4562	1
2849	15163	1
2849	14673	1
2849	15143	1
2849	6050	1
2849	3559	1
14673	4562	1
14673	15163	1
14673	2849	1
14673	15143	1
14673	6050	1
14673	3559	1
15143	4562	1
15143	15163	1
15143	2849	1
15143	14673	1
15143	6050	1
15143	3559	1
6050	4562	1
6050	15163	1
6050	2849	1
6050	14673	1
6050	15143	1
6050	3559	1
3559	4562	1
3559	15163	1
3559	2849	1
3559	14673	1
3559	15143	1
3559	6050	1
10981	3678	1
10981	9269	1
10981	5408	1
10981	7813	1
10981	2581	1
10981	14191	1
10981	15080	1
3678	10981	1
3678	9269	1
3678	5408	1
3678	7813	1
3678	2581	1
3678	14191	1
3678	15080	1
9269	10981	1
9269	3678	1
9269	5408	1
9269	7813	1
9269	2581	1
9269	14191	1
9269	15080	1
5408	10981	1
5408	3678	1
5408	9269	1
5408	7813	1
5408	2581	1
5408	14191	1
5408	15080	1
7813	10981	1
7813	3678	1
7813	9269	1
7813	5408	1
7813	2581	1
7813	14191	1
7813	15080	1
2581	10981	1
2581	3678	1
2581	9269	1
2581	5408	1
2581	7813	1
2581	14191	1
2581	15080	1
14191	10981	1
14191	3678	1
14191	9269	1
14191	5408	1
14191	7813	1
14191	2581	1
14191	15080	1
15080	10981	1
15080	3678	1
15080	9269	1
15080	5408	1
15080	7813	1
15080	2581	1
15080	14191	1
3407	12581	1
3407	11443	1
3407	14043	1
3407	12927	1
3407	10231	1
12581	3407	1
12581	11443	1
12581	14043	1
12581	12927	1
12581	10231	1
11443	3407	1
11443	12581	1
11443	14043	1
11443	12927	1
11443	10231	1
14043	3407	1
14043	12581	1
14043	11443	1
14043	12927	1
14043	10231	1
12927	3407	1
12927	12581	1
12927	11443	1
12927	14043	1
12927	10231	1
10231	3407	1
10231	12581	1
10231	11443	1
10231	14043	1
10231	12927	1
5366	4880	1
4880	5366	1
367	2666	1
367	13705	1
367	13775	1
367	14762	1
367	3348	1
2666	367	1
2666	13705	1
2666	13775	1
2666	14762	1
2666	3348	1
13705	367	1
13705	2666	1
13705	13775	1
13705	14762	1
13705	3348	1
13775	367	1
13775	2666	1
13775	13705	1
13775	14762	1
13775	3348	1
14762	367	1
14762	2666	1
14762	13705	1
14762	13775	1
14762	3348	1
3348	367	1
3348	2666	1
3348	13705	1
3348	13775	1
3348	14762	1
7321	14179	1
7321	8809	1
14179	7321	1
14179	8809	1
8809	7321	1
8809	14179	1
13426	9236	1
13426	15698	1
9236	13426	1
9236	15698	1
15698	13426	1
15698	9236	1
16091	99	1
99	16091	1
15707	8764	1
15707	10567	1
8764	15707	1
8764	10567	1
10567	15707	1
10567	8764	1
3692	7460	1
3692	1005	1
7460	3692	1
7460	1005	1
1005	3692	1
1005	7460	1
14272	5834	1
14272	834	1
5834	14272	1
5834	834	1
834	14272	1
834	5834	1
4335	8023	1
4335	2510	1
4335	3049	1
4335	2022	1
8023	4335	1
8023	2510	1
8023	3049	1
8023	2022	1
2510	4335	1
2510	8023	1
2510	3049	1
2510	2022	1
3049	4335	1
3049	8023	1
3049	2510	1
3049	2022	1
2022	4335	1
2022	8023	1
2022	2510	1
2022	3049	1
12155	15052	1
12155	14030	1
12155	4168	1
12155	3007	1
12155	14300	1
15052	12155	1
15052	14030	1
15052	4168	1
15052	3007	1
15052	14300	1
14030	12155	1
14030	15052	1
14030	4168	1
14030	3007	1
14030	14300	1
4168	12155	1
4168	15052	1
4168	14030	1
4168	3007	1
4168	14300	1
3007	12155	1
3007	15052	1
3007	14030	1
3007	4168	1
3007	14300	1
14300	12155	1
14300	15052	1
14300	14030	1
14300	4168	1
14300	3007	1
5670	3606	1
5670	9164	1
3606	5670	1
3606	9164	1
9164	5670	1
9164	3606	1
15956	8035	1
15956	12746	1
8035	15956	1
8035	12746	1
12746	15956	1
12746	8035	1
4768	6970	1
4768	4383	1
4768	6429	1
4768	9706	1
6970	4768	1
6970	4383	1
6970	6429	1
6970	9706	1
4383	4768	1
4383	6970	1
4383	6429	1
4383	9706	1
6429	4768	1
6429	6970	1
6429	4383	1
6429	9706	1
9706	4768	1
9706	6970	1
9706	4383	1
9706	6429	1
13634	15880	1
13634	10231	1
15880	13634	1
15880	10231	1
10231	13634	1
10231	15880	1
3884	4670	1
3884	631	1
3884	9330	1
3884	10653	1
3884	8619	1
4670	3884	1
4670	631	1
4670	9330	1
4670	10653	1
4670	8619	1
631	3884	1
631	4670	1
631	9330	1
631	10653	1
631	8619	1
9330	3884	1
9330	4670	1
9330	631	1
9330	10653	1
9330	8619	1
10653	3884	1
10653	4670	1
10653	631	1
10653	9330	1
10653	8619	1
8619	3884	1
8619	4670	1
8619	631	1
8619	9330	1
8619	10653	1
11112	11259	1
11259	11112	1
15478	15308	1
15478	5878	1
15478	14848	1
15308	15478	1
15308	5878	1
15308	14848	1
5878	15478	1
5878	15308	1
5878	14848	1
14848	15478	1
14848	15308	1
14848	5878	1
10653	4840	1
10653	14700	1
10653	11112	1
4840	10653	1
4840	14700	1
4840	11112	1
14700	10653	1
14700	4840	1
14700	11112	1
11112	10653	1
11112	4840	1
11112	14700	1
9098	15739	1
9098	10290	1
9098	1545	1
9098	15333	1
9098	10621	1
9098	7018	1
15739	9098	1
15739	10290	1
15739	1545	1
15739	15333	1
15739	10621	1
15739	7018	1
10290	9098	1
10290	15739	1
10290	1545	1
10290	15333	1
10290	10621	1
10290	7018	1
1545	9098	1
1545	15739	1
1545	10290	1
1545	15333	1
1545	10621	1
1545	7018	1
15333	9098	1
15333	15739	1
15333	10290	1
15333	1545	1
15333	10621	1
15333	7018	1
10621	9098	1
10621	15739	1
10621	10290	1
10621	1545	1
10621	15333	1
10621	7018	1
7018	9098	1
7018	15739	1
7018	10290	1
7018	1545	1
7018	15333	1
7018	10621	1
4565	13657	1
4565	12819	1
4565	2627	1
4565	8630	1
4565	9318	1
4565	15223	1
13657	4565	1
13657	12819	1
13657	2627	1
13657	8630	1
13657	9318	1
13657	15223	1
12819	4565	1
12819	13657	1
12819	2627	1
12819	8630	1
12819	9318	1
12819	15223	1
2627	4565	1
2627	13657	1
2627	12819	1
2627	8630	1
2627	9318	1
2627	15223	1
8630	4565	1
8630	13657	1
8630	12819	1
8630	2627	1
8630	9318	1
8630	15223	1
9318	4565	1
9318	13657	1
9318	12819	1
9318	2627	1
9318	8630	1
9318	15223	1
15223	4565	1
15223	13657	1
15223	12819	1
15223	2627	1
15223	8630	1
15223	9318	1
16051	5890	1
16051	7810	1
16051	14360	1
16051	9649	1
16051	122	1
16051	2232	1
5890	16051	1
5890	7810	1
5890	14360	1
5890	9649	1
5890	122	1
5890	2232	1
7810	16051	1
7810	5890	1
7810	14360	1
7810	9649	1
7810	122	1
7810	2232	1
14360	16051	1
14360	5890	1
14360	7810	1
14360	9649	1
14360	122	1
14360	2232	1
9649	16051	1
9649	5890	1
9649	7810	1
9649	14360	1
9649	122	1
9649	2232	1
122	16051	1
122	5890	1
122	7810	1
122	14360	1
122	9649	1
122	2232	1
2232	16051	1
2232	5890	1
2232	7810	1
2232	14360	1
2232	9649	1
2232	122	1
12396	3375	1
12396	10440	1
12396	10255	1
3375	12396	1
3375	10440	1
3375	10255	1
10440	12396	1
10440	3375	1
10440	10255	1
10255	12396	1
10255	3375	1
10255	10440	1
8380	3189	1
3189	8380	1
10274	904	1
10274	7581	1
10274	2327	1
10274	5217	1
904	10274	1
904	7581	1
904	2327	1
904	5217	1
7581	10274	1
7581	904	1
7581	2327	1
7581	5217	1
2327	10274	1
2327	904	1
2327	7581	1
2327	5217	1
5217	10274	1
5217	904	1
5217	7581	1
5217	2327	1
562	1746	1
562	11079	1
1746	562	1
1746	11079	1
11079	562	1
11079	1746	1
6852	3712	1
6852	12505	1
6852	15950	1
6852	12866	1
3712	6852	1
3712	12505	1
3712	15950	1
3712	12866	1
12505	6852	1
12505	3712	1
12505	15950	1
12505	12866	1
15950	6852	1
15950	3712	1
15950	12505	1
15950	12866	1
12866	6852	1
12866	3712	1
12866	12505	1
12866	15950	1
6976	2079	1
6976	11939	1
6976	15054	1
6976	9986	1
6976	8517	1
6976	7515	1
2079	6976	1
2079	11939	1
2079	15054	1
2079	9986	1
2079	8517	1
2079	7515	1
11939	6976	1
11939	2079	1
11939	15054	1
11939	9986	1
11939	8517	1
11939	7515	1
15054	6976	1
15054	2079	1
15054	11939	1
15054	9986	1
15054	8517	1
15054	7515	1
9986	6976	1
9986	2079	1
9986	11939	1
9986	15054	1
9986	8517	1
9986	7515	1
8517	6976	1
8517	2079	1
8517	11939	1
8517	15054	1
8517	9986	1
8517	7515	1
7515	6976	1
7515	2079	1
7515	11939	1
7515	15054	1
7515	9986	1
7515	8517	1
10278	1174	1
10278	1144	1
10278	14571	1
1174	10278	1
1174	1144	1
1174	14571	1
1144	10278	1
1144	1174	1
1144	14571	1
14571	10278	1
14571	1174	1
14571	1144	1
11596	13	1
11596	14241	1
11596	12347	1
11596	6592	1
13	11596	1
13	14241	1
13	12347	1
13	6592	1
14241	11596	1
14241	13	1
14241	12347	1
14241	6592	1
12347	11596	1
12347	13	1
12347	14241	1
12347	6592	1
6592	11596	1
6592	13	1
6592	14241	1
6592	12347	1
8487	15973	1
15973	8487	1
2007	14632	1
2007	2082	1
2007	12781	1
2007	1157	1
14632	2007	1
14632	2082	1
14632	12781	1
14632	1157	1
2082	2007	1
2082	14632	1
2082	12781	1
2082	1157	1
12781	2007	1
12781	14632	1
12781	2082	1
12781	1157	1
1157	2007	1
1157	14632	1
1157	2082	1
1157	12781	1
9466	3558	1
9466	5542	1
9466	1124	1
9466	974	1
9466	13285	1
9466	3558	1
9466	5542	1
9466	1124	1
9466	974	1
9466	13285	1
3558	9466	1
3558	9466	1
3558	5542	1
3558	1124	1
3558	974	1
3558	13285	1
5542	9466	1
5542	9466	1
5542	3558	1
5542	1124	1
5542	974	1
5542	13285	1
1124	9466	1
1124	9466	1
1124	3558	1
1124	5542	1
1124	974	1
1124	13285	1
974	9466	1
974	9466	1
974	3558	1
974	5542	1
974	1124	1
974	13285	1
13285	9466	1
13285	9466	1
13285	3558	1
13285	5542	1
13285	1124	1
13285	974	1
14385	9645	1
14385	5218	1
14385	4478	1
9645	14385	1
9645	5218	1
9645	4478	1
5218	14385	1
5218	9645	1
5218	4478	1
4478	14385	1
4478	9645	1
4478	5218	1
12388	11941	1
12388	2868	1
12388	4565	1
12388	3873	1
12388	11941	1
12388	2868	1
12388	4565	1
12388	3873	1
11941	12388	1
11941	12388	1
11941	2868	1
11941	4565	1
11941	3873	1
2868	12388	1
2868	12388	1
2868	11941	1
2868	4565	1
2868	3873	1
4565	12388	1
4565	12388	1
4565	11941	1
4565	2868	1
4565	3873	1
3873	12388	1
3873	12388	1
3873	11941	1
3873	2868	1
3873	4565	1
8647	10662	1
10662	8647	1
1151	15879	1
1151	14755	1
15879	1151	1
15879	14755	1
14755	1151	1
14755	15879	1
5172	1630	1
5172	9387	1
5172	3873	1
1630	5172	1
1630	9387	1
1630	3873	1
9387	5172	1
9387	1630	1
9387	3873	1
3873	5172	1
3873	1630	1
3873	9387	1
4952	15347	1
4952	89	1
4952	7071	1
4952	15377	1
4952	9091	1
4952	340	1
15347	4952	1
15347	89	1
15347	7071	1
15347	15377	1
15347	9091	1
15347	340	1
89	4952	1
89	15347	1
89	7071	1
89	15377	1
89	9091	1
89	340	1
7071	4952	1
7071	15347	1
7071	89	1
7071	15377	1
7071	9091	1
7071	340	1
15377	4952	1
15377	15347	1
15377	89	1
15377	7071	1
15377	9091	1
15377	340	1
9091	4952	1
9091	15347	1
9091	89	1
9091	7071	1
9091	15377	1
9091	340	1
340	4952	1
340	15347	1
340	89	1
340	7071	1
340	15377	1
340	9091	1
4213	15682	1
4213	3376	1
4213	9649	1
4213	14930	1
4213	2360	1
4213	6833	1
4213	9100	1
4213	8830	1
4213	7511	1
15682	4213	1
15682	3376	1
15682	9649	1
15682	14930	1
15682	2360	1
15682	6833	1
15682	9100	1
15682	8830	1
15682	7511	1
3376	4213	1
3376	15682	1
3376	9649	1
3376	14930	1
3376	2360	1
3376	6833	1
3376	9100	1
3376	8830	1
3376	7511	1
9649	4213	1
9649	15682	1
9649	3376	1
9649	14930	1
9649	2360	1
9649	6833	1
9649	9100	1
9649	8830	1
9649	7511	1
14930	4213	1
14930	15682	1
14930	3376	1
14930	9649	1
14930	2360	1
14930	6833	1
14930	9100	1
14930	8830	1
14930	7511	1
2360	4213	1
2360	15682	1
2360	3376	1
2360	9649	1
2360	14930	1
2360	6833	1
2360	9100	1
2360	8830	1
2360	7511	1
6833	4213	1
6833	15682	1
6833	3376	1
6833	9649	1
6833	14930	1
6833	2360	1
6833	9100	1
6833	8830	1
6833	7511	1
9100	4213	1
9100	15682	1
9100	3376	1
9100	9649	1
9100	14930	1
9100	2360	1
9100	6833	1
9100	8830	1
9100	7511	1
8830	4213	1
8830	15682	1
8830	3376	1
8830	9649	1
8830	14930	1
8830	2360	1
8830	6833	1
8830	9100	1
8830	7511	1
7511	4213	1
7511	15682	1
7511	3376	1
7511	9649	1
7511	14930	1
7511	2360	1
7511	6833	1
7511	9100	1
7511	8830	1
966	3424	1
966	168	1
3424	966	1
3424	168	1
168	966	1
168	3424	1
10085	15143	1
15143	10085	1
10770	6144	1
10770	6242	1
6144	10770	1
6144	6242	1
6242	10770	1
6242	6144	1
5830	5460	1
5830	10035	1
5830	7796	1
5460	5830	1
5460	10035	1
5460	7796	1
10035	5830	1
10035	5460	1
10035	7796	1
7796	5830	1
7796	5460	1
7796	10035	1
13058	5366	1
13058	5734	1
13058	5835	1
13058	10677	1
13058	14418	1
5366	13058	1
5366	5734	1
5366	5835	1
5366	10677	1
5366	14418	1
5734	13058	1
5734	5366	1
5734	5835	1
5734	10677	1
5734	14418	1
5835	13058	1
5835	5366	1
5835	5734	1
5835	10677	1
5835	14418	1
10677	13058	1
10677	5366	1
10677	5734	1
10677	5835	1
10677	14418	1
14418	13058	1
14418	5366	1
14418	5734	1
14418	5835	1
14418	10677	1
3248	12958	1
3248	13947	1
3248	3904	1
3248	10019	1
3248	11172	1
3248	2298	1
3248	5601	1
3248	15554	1
3248	16174	1
3248	12958	1
3248	13947	1
3248	3904	1
3248	10019	1
3248	11172	1
3248	2298	1
3248	5601	1
3248	15554	1
3248	16174	1
12958	3248	1
12958	3248	1
12958	13947	1
12958	3904	1
12958	10019	1
12958	11172	1
12958	2298	1
12958	5601	1
12958	15554	1
12958	16174	1
13947	3248	1
13947	3248	1
13947	12958	1
13947	3904	1
13947	10019	1
13947	11172	1
13947	2298	1
13947	5601	1
13947	15554	1
13947	16174	1
3904	3248	1
3904	3248	1
3904	12958	1
3904	13947	1
3904	10019	1
3904	11172	1
3904	2298	1
3904	5601	1
3904	15554	1
3904	16174	1
10019	3248	1
10019	3248	1
10019	12958	1
10019	13947	1
10019	3904	1
10019	11172	1
10019	2298	1
10019	5601	1
10019	15554	1
10019	16174	1
11172	3248	1
11172	3248	1
11172	12958	1
11172	13947	1
11172	3904	1
11172	10019	1
11172	2298	1
11172	5601	1
11172	15554	1
11172	16174	1
2298	3248	1
2298	3248	1
2298	12958	1
2298	13947	1
2298	3904	1
2298	10019	1
2298	11172	1
2298	5601	1
2298	15554	1
2298	16174	1
5601	3248	1
5601	3248	1
5601	12958	1
5601	13947	1
5601	3904	1
5601	10019	1
5601	11172	1
5601	2298	1
5601	15554	1
5601	16174	1
15554	3248	1
15554	3248	1
15554	12958	1
15554	13947	1
15554	3904	1
15554	10019	1
15554	11172	1
15554	2298	1
15554	5601	1
15554	16174	1
16174	3248	1
16174	3248	1
16174	12958	1
16174	13947	1
16174	3904	1
16174	10019	1
16174	11172	1
16174	2298	1
16174	5601	1
16174	15554	1
3322	11259	1
3322	6106	1
3322	5651	1
3322	11519	1
11259	3322	1
11259	6106	1
11259	5651	1
11259	11519	1
6106	3322	1
6106	11259	1
6106	5651	1
6106	11519	1
5651	3322	1
5651	11259	1
5651	6106	1
5651	11519	1
11519	3322	1
11519	11259	1
11519	6106	1
11519	5651	1
10452	8292	1
10452	13775	1
8292	10452	1
8292	13775	1
13775	10452	1
13775	8292	1
11365	9176	1
11365	15860	1
9176	11365	1
9176	15860	1
15860	11365	1
15860	9176	1
218	14208	1
218	9291	1
218	2796	1
218	3678	1
14208	218	1
14208	9291	1
14208	2796	1
14208	3678	1
9291	218	1
9291	14208	1
9291	2796	1
9291	3678	1
2796	218	1
2796	14208	1
2796	9291	1
2796	3678	1
3678	218	1
3678	14208	1
3678	9291	1
3678	2796	1
7038	5509	1
7038	11242	1
7038	5012	1
5509	7038	1
5509	11242	1
5509	5012	1
11242	7038	1
11242	5509	1
11242	5012	1
5012	7038	1
5012	5509	1
5012	11242	1
15815	5642	1
15815	9383	1
15815	4102	1
5642	15815	1
5642	9383	1
5642	4102	1
9383	15815	1
9383	5642	1
9383	4102	1
4102	15815	1
4102	5642	1
4102	9383	1
1838	4175	1
1838	13406	1
1838	9270	1
1838	11700	1
4175	1838	1
4175	13406	1
4175	9270	1
4175	11700	1
13406	1838	1
13406	4175	1
13406	9270	1
13406	11700	1
9270	1838	1
9270	4175	1
9270	13406	1
9270	11700	1
11700	1838	1
11700	4175	1
11700	13406	1
11700	9270	1
12057	6161	1
12057	2811	1
12057	12365	1
12057	15393	1
12057	4752	1
12057	2725	1
6161	12057	1
6161	2811	1
6161	12365	1
6161	15393	1
6161	4752	1
6161	2725	1
2811	12057	1
2811	6161	1
2811	12365	1
2811	15393	1
2811	4752	1
2811	2725	1
12365	12057	1
12365	6161	1
12365	2811	1
12365	15393	1
12365	4752	1
12365	2725	1
15393	12057	1
15393	6161	1
15393	2811	1
15393	12365	1
15393	4752	1
15393	2725	1
4752	12057	1
4752	6161	1
4752	2811	1
4752	12365	1
4752	15393	1
4752	2725	1
2725	12057	1
2725	6161	1
2725	2811	1
2725	12365	1
2725	15393	1
2725	4752	1
14385	13627	1
14385	13765	1
14385	454	1
14385	3123	1
13627	14385	1
13627	13765	1
13627	454	1
13627	3123	1
13765	14385	1
13765	13627	1
13765	454	1
13765	3123	1
454	14385	1
454	13627	1
454	13765	1
454	3123	1
3123	14385	1
3123	13627	1
3123	13765	1
3123	454	1
565	10546	1
565	2756	1
10546	565	1
10546	2756	1
2756	565	1
2756	10546	1
5633	2697	1
5633	15163	1
5633	5195	1
5633	6562	1
5633	13941	1
2697	5633	1
2697	15163	1
2697	5195	1
2697	6562	1
2697	13941	1
15163	5633	1
15163	2697	1
15163	5195	1
15163	6562	1
15163	13941	1
5195	5633	1
5195	2697	1
5195	15163	1
5195	6562	1
5195	13941	1
6562	5633	1
6562	2697	1
6562	15163	1
6562	5195	1
6562	13941	1
13941	5633	1
13941	2697	1
13941	15163	1
13941	5195	1
13941	6562	1
1952	4704	1
1952	10402	1
1952	12739	1
1952	12015	1
1952	4782	1
1952	13334	1
4704	1952	1
4704	10402	1
4704	12739	1
4704	12015	1
4704	4782	1
4704	13334	1
10402	1952	1
10402	4704	1
10402	12739	1
10402	12015	1
10402	4782	1
10402	13334	1
12739	1952	1
12739	4704	1
12739	10402	1
12739	12015	1
12739	4782	1
12739	13334	1
12015	1952	1
12015	4704	1
12015	10402	1
12015	12739	1
12015	4782	1
12015	13334	1
4782	1952	1
4782	4704	1
4782	10402	1
4782	12739	1
4782	12015	1
4782	13334	1
13334	1952	1
13334	4704	1
13334	10402	1
13334	12739	1
13334	12015	1
13334	4782	1
4966	7495	1
7495	4966	1
3471	7353	1
3471	9264	1
3471	3254	1
3471	12800	1
3471	2951	1
3471	11183	1
3471	12902	1
3471	8596	1
7353	3471	1
7353	9264	1
7353	3254	1
7353	12800	1
7353	2951	1
7353	11183	1
7353	12902	1
7353	8596	1
9264	3471	1
9264	7353	1
9264	3254	1
9264	12800	1
9264	2951	1
9264	11183	1
9264	12902	1
9264	8596	1
3254	3471	1
3254	7353	1
3254	9264	1
3254	12800	1
3254	2951	1
3254	11183	1
3254	12902	1
3254	8596	1
12800	3471	1
12800	7353	1
12800	9264	1
12800	3254	1
12800	2951	1
12800	11183	1
12800	12902	1
12800	8596	1
2951	3471	1
2951	7353	1
2951	9264	1
2951	3254	1
2951	12800	1
2951	11183	1
2951	12902	1
2951	8596	1
11183	3471	1
11183	7353	1
11183	9264	1
11183	3254	1
11183	12800	1
11183	2951	1
11183	12902	1
11183	8596	1
12902	3471	1
12902	7353	1
12902	9264	1
12902	3254	1
12902	12800	1
12902	2951	1
12902	11183	1
12902	8596	1
8596	3471	1
8596	7353	1
8596	9264	1
8596	3254	1
8596	12800	1
8596	2951	1
8596	11183	1
8596	12902	1
13735	14206	1
13735	15374	1
14206	13735	1
14206	15374	1
15374	13735	1
15374	14206	1
11683	1261	1
11683	3145	1
11683	4248	1
1261	11683	1
1261	3145	1
1261	4248	1
3145	11683	1
3145	1261	1
3145	4248	1
4248	11683	1
4248	1261	1
4248	3145	1
12693	15029	1
15029	12693	1
5623	12490	1
5623	14714	1
12490	5623	1
12490	14714	1
14714	5623	1
14714	12490	1
14009	10662	1
14009	8783	1
14009	314	1
14009	4838	1
14009	13798	1
10662	14009	1
10662	8783	1
10662	314	1
10662	4838	1
10662	13798	1
8783	14009	1
8783	10662	1
8783	314	1
8783	4838	1
8783	13798	1
314	14009	1
314	10662	1
314	8783	1
314	4838	1
314	13798	1
4838	14009	1
4838	10662	1
4838	8783	1
4838	314	1
4838	13798	1
13798	14009	1
13798	10662	1
13798	8783	1
13798	314	1
13798	4838	1
14460	12582	1
14460	6976	1
14460	1552	1
12582	14460	1
12582	6976	1
12582	1552	1
6976	14460	1
6976	12582	1
6976	1552	1
1552	14460	1
1552	12582	1
1552	6976	1
