16296,34
16350,4
16449,19
16450,4
16458,21
16475,25
16483,27
16487,4
16568,57
16771,4
16945,4
16969,4
17113,4
17199,30
17384,91
17399,20
17420,42
17457,4
17500,4
17695,99
17731,84
17764,81
17837,79
17958,4
17971,4
17984,4
18023,8
18048,90
18133,8
18135,4
18316,4
18429,1
18581,74
18583,36
18617,41
18691,48
18823,29
19255,52
19384,77
19420,89
19425,8
19512,82
19514,33
19533,4
19584,4
19673,15
19823,4
19842,22
19887,67
19986,101
20084,4
20102,4
20199,66
20229,4
20268,90
20298,4
20328,12
20364,4
20410,39
20425,62
20562,24
20690,43
20931,23
21069,47
21074,100
21101,17
21157,75
21183,77
21197,76
21489,26
21513,95
21520,4
21795,94
21868,65
21918,85
22130,97
22277,69
22387,39
22455,80
22512,4
22539,6
22591,18
22639,2
22749,4
22774,4
22783,28
22943,30
23086,71
23170,78
23222,32
23267,55
23353,83
23365,4
23546,93
23560,46
23580,35
23643,70
23650,98
23692,5
23847,4
23898,74
23962,64
24040,4
24062,30
24085,38
24107,4
24265,40
24318,96
24689,31
25012,45
25057,51
25151,62
25425,44
25529,73
25981,74
26103,50
26110,54
26168,92
26332,68
26346,84
26395,29
26397,35
26398,102
26473,63
27236,49
27465,51
27507,30
27528,30
27585,68
27586,86
27754,30
27815,16
27825,11
27931,4
27935,9
28415,4
28508,4
28513,4
28611,4
28722,13
28779,8
28850,7
29270,52
29305,14
29819,87
29934,15
29976,11
30139,4
30639,60
30714,11
30812,26
31127,4
31148,61
31218,31
31310,1
31431,39
31668,62
31676,4
31806,30
31820,44
31870,4
32007,88
32089,44
32178,45
32188,21
32266,3
32330,23
32380,10
32656,15
32923,30
33064,53
33188,31
33286,4
33365,72
33455,58
33479,5
33541,37
33589,59
33614,56
33963,4
34021,13
13,7
14,8
24,4
29,12
66,15
75,22
89,26
99,50
122,4
168,61
185,38
207,4
218,45
263,4
265,43
314,4
340,26
367,44
381,30
407,30
454,15
462,4
475,4
511,65
526,8
527,35
548,4
555,4
562,4
565,53
631,30
664,39
681,76
694,4
715,8
723,4
739,5
743,78
801,57
834,84
874,84
881,8
904,4
957,20
966,61
974,87
997,76
1005,92
1051,74
1078,8
1124,87
1144,8
1151,60
1157,14
1163,55
1174,8
1185,6
1261,37
1273,74
1292,47
1336,48
1364,4
1371,42
1380,52
1391,4
1407,26
1409,4
1413,99
1545,16
1552,13
1573,4
1630,11
1632,84
1746,4
1752,35
1819,8
1838,23
1876,17
1896,27
1952,4
1972,4
1985,62
2007,14
2010,26
2022,29
2055,4
2079,13
2082,14
2130,24
2170,29
2218,4
2232,4
2243,42
2268,46
2287,69
2298,4
2327,4
2358,4
2360,4
2377,4
2474,4
2510,29
2552,24
2565,67
2577,4
2581,45
2627,11
2666,44
2668,48
2697,31
2725,10
2731,2
2732,5
2748,4
2756,53
2796,45
2810,4
2811,10
2832,17
2849,31
2868,11
2951,58
3007,35
3049,29
3061,34
3063,48
3123,15
3145,37
3148,4
3153,66
3176,17
3179,15
3189,4
3202,99
3214,57
3248,4
3254,58
3321,95
3322,30
3338,65
3348,44
3375,9
3376,4
3407,51
3424,61
3471,58
3513,19
3522,98
3529,27
3558,87
3559,31
3606,102
3642,71
3678,45
3692,92
3712,4
3759,90
3873,11
3880,4
3884,30
3888,25
3904,4
3907,4
3999,25
4009,4
4102,3
4168,35
4175,23
4207,30
4213,4
4239,34
4248,37
4335,29
4377,4
4383,49
4478,15
4484,48
4562,31
4565,11
4670,30
4697,30
4704,4
4752,10
4768,49
4782,4
4795,57
4838,4
4840,30
4880,62
4890,46
4952,26
4965,41
4966,72
4978,15
5012,21
5026,77
5030,35
5053,4
5056,35
5112,4
5172,11
5195,31
5217,4
5218,15
5284,24
5321,4
5352,71
5359,75
5366,62
5368,5
5408,45
5435,38
5460,39
5467,47
5506,4
5509,21
5532,30
5542,87
5557,35
5560,4
5601,4
5623,56
5633,31
5642,3
5646,4
5651,30
5670,102
5685,100
5701,77
5734,62
5759,30
5830,39
5834,84
5835,62
5844,70
5878,86
5890,4
5969,39
5984,27
5995,69
6016,8
6050,31
6082,1
6099,8
6106,30
6144,1
6161,10
6216,4
6242,1
6280,33
6311,38
6312,4
6322,8
6335,19
6429,49
6530,57
6562,31
6592,7
6631,34
6685,4
6688,23
6715,48
6786,36
6794,62
6828,4
6833,4
6852,4
6933,81
6941,4
6962,4
6970,49
6976,13
7009,52
7018,16
7038,21
7054,78
7071,26
7181,35
7224,93
7238,96
7321,73
7349,4
7353,58
7420,4
7439,4
7443,4
7460,92
7495,72
7511,4
7515,13
7534,40
7536,55
7581,4
7601,84
7744,98
7788,4
7791,2
7796,39
7810,4
7813,45
7819,36
7912,4
7949,27
7975,4
7987,96
8002,74
8007,12
8023,29
8035,63
8036,30
8056,98
8061,35
8144,69
8179,8
8273,18
8292,44
8380,4
8414,35
8430,4
8466,15
8470,4
8482,40
8487,52
8513,39
8517,13
8530,4
8596,58
8598,32
8617,5
8619,30
8627,4
8630,11
8631,40
8647,4
8664,65
8696,4
8719,4
8724,4
8764,54
8782,4
8783,4
8804,36
8809,73
8813,21
8815,36
8830,4
8910,1
8969,4
9091,26
9098,16
9100,4
9106,84
9141,4
9164,102
9166,67
9170,4
9176,88
9236,74
9248,4
9264,58
9269,45
9270,23
9291,45
9294,23
9295,70
9318,11
9330,30
9369,4
9383,3
9387,11
9390,41
9409,12
9424,27
9466,87
9645,15
9649,4
9692,4
9706,49
9791,2
9799,83
9859,4
9986,13
10019,4
10035,39
10081,4
10085,31
10151,52
10166,101
10195,94
10231,51
10255,9
10274,4
10278,8
10290,16
10305,8
10329,4
10365,30
10375,32
10389,35
10402,4
10440,9
10452,44
10540,4
10546,53
10567,54
10582,25
10621,16
10634,4
10653,30
10662,4
10667,30
10672,42
10673,4
10677,62
10770,1
10981,45
10990,66
10996,39
11055,42
11079,4
11112,30
11152,4
11154,4
11155,4
11172,4
11183,58
11196,74
11230,90
11242,21
11257,4
11259,30
11299,42
11308,82
11343,36
11365,88
11371,4
11408,40
11443,51
11485,74
11506,71
11519,30
11596,7
11600,23
11617,82
11642,62
11683,37
11700,23
11836,22
11861,94
11884,12
11896,27
11897,91
11939,13
11941,11
11958,46
12015,4
12057,10
12063,42
12088,55
12108,71
12155,35
12228,2
12342,17
12347,7
12365,10
12388,11
12389,28
12396,9
12490,56
12505,4
12567,35
12581,51
12582,13
12599,4
12623,4
12677,46
12682,40
12693,59
12702,30
12739,4
12745,8
12746,63
12755,64
12781,14
12784,20
12797,4
12800,58
12816,35
12819,11
12828,2
12864,17
12866,4
12876,4
12902,58
12916,74
12927,51
12958,4
12997,4
13058,62
13074,35
13086,82
13285,87
13318,41
13334,4
13383,18
13406,23
13426,74
13436,24
13536,25
13584,38
13589,39
13617,4
13627,15
13634,51
13657,11
13705,44
13735,5
13743,42
13764,43
13765,15
13775,44
13781,80
13798,4
13941,31
13947,4
13950,4
14009,4
14030,35
14032,4
14043,51
14118,4
14121,29
14179,73
14191,45
14203,4
14206,5
14208,45
14210,4
14230,96
14241,7
14272,84
14300,35
14321,99
14323,15
14334,67
14360,4
14367,4
14385,15
14418,62
14460,13
14479,21
14491,27
14532,35
14538,35
14557,47
14571,8
14632,14
14642,95
14644,33
14673,31
14682,4
14700,30
14714,56
14716,8
14725,4
14755,60
14762,44
14846,4
14848,86
14874,68
14895,38
14930,4
14957,4
14981,35
15007,4
15029,59
15052,35
15054,13
15080,45
15097,79
15143,31
15163,31
15223,11
15259,85
15291,4
15308,86
15333,16
15347,26
15365,55
15374,5
15377,26
15393,10
15440,97
15452,93
15459,4
15478,86
15510,67
15517,89
15554,4
15609,77
15671,19
15682,4
15698,74
15707,54
15719,4
15739,16
15777,71
15801,4
15815,3
15860,88
15879,60
15880,51
15909,95
15934,82
15936,95
15950,4
15954,4
15956,63
15973,52
15995,8
16035,8
16051,4
16091,50
16121,4
16174,4
16245,74
